-0.760595	-0.360631	19.3671
0.58143	1.15407	22.1947
-0.424558	-0.384669	23.065
0.629101	-1.49481	23.3456
-1.31864	-0.308856	21.2569
1.76956	-0.805571	21.4503
-0.533196	-0.436258	22.3738
0.133481	1.91805	20.1637
-1.83912	1.74001	24.3851
0.249826	-1.90071	23.7769
-0.264584	-1.31691	23.8652
0.557111	0.975457	22.6948
1.9153	-0.599446	25.6555
1.78783	-0.57526	26.1166
1.1512	1.9803	23.6728
0.547659	-0.871073	22.1777
0.714547	-1.94634	22.1615
1.44239	-1.18546	21.8641
1.77128	0.515066	26.4488
0.634851	-0.776189	21.5037
0.969936	-1.597	23.7955
-0.356106	-1.76611	22.3375
1.35916	-0.517794	22.5554
1.02027	0.0692355	20.2958
1.40961	1.68062	26.0768
1.61733	-1.02462	25.5255
0.0116756	0.662461	18.5669
0.619037	-1.59563	22.2833
-1.55284	-0.616367	24.481
-1.10052	-0.591645	21.161
1.64669	-1.96959	28.5728
1.23323	0.646041	24.0116
0.560085	-0.592243	21.3092
-1.90632	-1.68413	26.822
-0.479367	1.34513	22.8857
0.391458	-1.98836	23.647
0.17052	1.47595	23.6259
0.320227	-1.21881	21.6022
-1.70607	-0.901556	23.6449
-1.52926	0.663747	23.0642
1.17797	0.429429	22.038
1.47693	-0.201543	24.9737
-1.67688	1.35281	26.4581
0.387413	-1.16618	21.7675
1.11459	-0.202823	20.0371
0.0878909	-0.308376	18.4335
-1.03913	0.120272	18.4267
0.837263	-1.34349	21.8628
0.681456	-0.495731	21.2422
-0.656249	0.714592	20.6316
0.191092	-1.05661	21.4421
0.188328	1.6149	23.016
-0.559682	0.283681	21.7496
-0.383519	-0.850524	20.6035
1.1614	1.60415	24.9128
-0.515237	1.75231	24.5601
1.44506	1.10487	23.4593
-0.327349	0.511683	21.8334
1.00207	-1.21276	23.155
0.55829	-0.803001	20.7008
0.197821	1.11127	19.9848
-1.57621	0.878886	22.2492
0.633963	1.37704	25.3381
-1.42502	-1.99682	27.982
-1.99205	0.610261	21.9414
-0.316933	-1.50921	21.6441
-1.38852	-0.900986	24.507
-0.485974	-0.884806	23.1798
-1.64951	0.743	26.0588
0.114474	-1.75651	23.6436
-1.83353	-0.878565	22.6808
-1.15012	-1.85778	23.5603
1.14801	1.77906	24.4147
-1.46065	1.74465	25.1333
-0.129895	-1.82209	22.4364
-0.947679	0.313226	21.6629
1.88299	0.844355	21.3511
0.731394	-1.14595	23.0651
-1.88013	-0.849742	22.0233
0.547366	-1.60415	23.3912
1.25262	0.886416	21.6153
0.80203	1.7175	25.5874
-1.53153	0.154078	22.0994
1.29976	0.989398	22.4177
0.937642	-1.12805	18.6859
-1.71287	1.24682	26.6756
0.495172	0.256014	21.1346
-1.10951	1.98956	25.2926
-0.0384407	-1.39285	21.7524
0.324686	-1.93178	25.2503
0.144969	-0.786733	21.58
-1.02592	-1.68677	23.2979
1.6309	-1.57352	27.5128
-1.21323	0.626772	20.9948
0.707767	-1.91132	22.8606
-1.50202	0.4409	23.6508
-0.324409	-1.98054	22.7813
-1.78368	-0.767027	24.1566
-1.37854	1.71701	26.2925
-0.530728	0.915204	21.8765
-1.73679	0.0975143	23.4053
-0.442769	-1.3228	23.79
-0.926328	1.02851	19.6364
-1.78744	0.908904	24.0947
1.10086	-1.69088	23.3919
1.03949	-1.08502	22.062
0.248754	-1.27822	22.0829
1.73261	-1.75397	27.7322
-0.770937	1.01248	19.2619
0.0524903	1.95185	22.7883
-0.635504	-0.850798	19.4992
-1.90451	0.617602	23.2048
-1.26706	0.233517	21.4469
-1.53902	1.23878	24.3067
-0.602073	0.531702	22.2025
-1.82612	-1.76249	24.6073
-0.266233	-0.287137	18.6426
1.64461	1.66977	28.1862
-1.4187	-0.5243	24.1483
-0.596088	-1.36009	22.2463
-1.61762	-1.71733	24.6533
0.948177	-1.61739	22.6084
-1.02757	0.0435912	19.8745
0.0227114	-0.192944	20.3798
1.46878	-0.945419	21.243
-1.76551	-0.44503	24.6419
-0.0795592	-0.726373	19.2101
0.247052	-0.748674	21.0236
0.622856	1.58156	23.0087
0.739065	0.165144	19.9325
-0.0252654	-1.76924	21.3621
0.706924	1.56918	24.1364
-0.240488	1.54769	24.7498
-1.93802	0.915429	22.8067
-0.683235	1.60566	23.0279
-0.362875	0.307046	21.228
-0.776008	1.77145	23.2087
-1.17043	1.479	25.9948
-0.633264	-1.35995	25.4417
1.57245	1.64703	24.8182
-0.365102	-1.54667	25.5933
1.87359	0.409107	24.5328
-0.475129	1.76558	25.9294
-1.26347	-1.32087	22.9021
-0.628137	0.51447	23.689
-1.97908	1.60951	26.0255
-1.39462	0.883921	23.9079
-0.334498	-0.667122	20.2671
-0.738482	1.69942	25.9618
-1.03544	1.559	22.9902
-0.820174	1.55161	23.6013
1.26201	0.0370527	21.7312
1.98161	0.853839	25.1303
0.0379931	-0.83152	19.8081
-0.101492	0.227159	20.4535
-0.0613217	-0.192136	17.2577
-0.709786	0.296411	20.7066
0.566911	0.591245	23.5452
-1.78683	-0.598265	25.5849
1.01287	0.862281	19.9231
1.11582	0.850887	18.7734
0.628919	1.44595	24.8423
-0.554396	0.199	19.5059
-1.32603	0.0449136	21.2597
1.95483	1.81718	27.5566
-0.212985	-0.489602	22.1051
1.99125	0.950147	21.3138
0.539277	0.792775	19.8936
-0.883717	-1.52754	23.3546
0.888281	0.936203	18.7823
-1.68853	0.489436	22.2633
0.936114	1.61919	21.2121
1.89474	1.4175	26.1924
-1.48234	1.17377	21.9383
-1.75136	-1.05742	24.4033
-0.020766	0.869883	17.9367
-1.41162	0.432796	22.0265
-1.83856	-1.55449	25.4242
1.00986	0.0439349	20.3958
1.86576	0.752961	21.9627
1.59104	1.47017	25.7206
0.793466	-1.94226	21.1096
0.153139	-0.996371	21.0003
1.97666	0.972443	21.5058
-1.99296	0.895878	22.2925
0.952629	0.646322	20.9755
0.230969	-1.90986	23.4199
0.795837	1.76097	22.2124
-0.066146	0.806891	19.0029
1.09422	0.294314	21.3508
1.19795	1.17228	20.4776
-1.86528	-0.41295	24.3181
1.82573	1.20679	25.2666
-1.8668	1.21205	22.6052
-0.959903	1.25546	20.7009
0.215139	1.60008	21.3421
-1.10217	1.67415	22.9651
-0.617754	-0.998759	19.6395
-0.21562	-0.258853	18.5579
1.90756	0.409181	23.8118
1.9117	1.6879	23.9512
-1.56479	-1.23687	26.5513
0.769419	-0.925242	20.4347
-0.0202518	-0.525322	19.6637
-1.31694	-1.61293	25.7579
-0.940799	-1.33524	22.2467
1.55583	-0.893806	23.6068
0.0009783	1.40498	21.801
-1.1728	-0.565968	21.0376
-0.20523	-1.9471	23.9671
0.820416	-0.0320768	19.2662
1.84193	0.846813	22.9923
-0.153712	1.84805	22.9611
0.358595	1.92599	22.6318
0.356008	-0.569861	23.7325
1.98282	0.52464	22.9906
-0.623099	0.975961	19.8036
-1.40967	-0.731626	25.3593
1.91321	0.53777	25.5106
-0.49789	0.966279	21.4159
-1.35823	1.91545	27.05
1.96027	0.595016	21.8898
0.0193597	1.98756	23.2789
1.98559	-0.460961	22.1989
1.03795	1.20648	19.3749
-0.51006	-1.10885	21.2784
-1.50156	0.653785	22.5529
-0.708608	0.33538	20.0999
0.123369	-0.454692	18.6253
0.196513	0.195061	20.3789
0.649111	1.27773	24.6451
-1.48066	-1.82183	27.1106
0.516915	-0.767163	23.6993
0.594522	1.23507	20.8049
-1.69992	-1.02929	21.879
-0.68	-0.302133	19.3841
1.45795	1.05886	25.3749
-0.167916	0.881084	17.8157
0.769073	1.51067	23.7518
-0.674799	-1.53159	22.2977
-0.78475	0.401553	23.0852
-0.134402	-0.7367	19.5805
-1.11251	-0.65173	20.4069
-0.860209	-1.8067	21.8661
0.994831	0.178535	19.588
0.427044	-1.16387	22.357
0.968237	-0.103519	20.1308
1.30674	-0.553406	23.307
-1.57228	0.716916	25.0547
-0.246957	-0.63885	22.1476
0.657168	-1.14003	22.2944
-1.90117	1.79062	23.6946
-1.12139	1.73719	24.1054
1.81218	0.649624	23.6757
-0.838158	1.18674	19.29
-0.153592	1.94075	22.2892
1.73284	0.772986	21.4432
-1.44823	0.352441	22.3431
-0.905751	1.5047	23.4869
0.206819	-0.663353	19.4888
0.516142	-0.432525	22.1362
1.35304	-1.80113	24.094
0.0296442	1.67894	20.2646
-0.618193	1.88766	22.0074
-1.86949	-0.892507	22.6006
1.47851	-0.752635	21.8287
1.21002	-1.2391	20.8679
1.44569	-0.424478	22.1739
1.94794	-0.714573	22.3999
-1.53526	0.496372	24.5787
-0.392792	1.5001	25.1536
-0.499087	1.5894	22.8981
-1.29453	-1.47637	27.1303
1.32121	-1.11643	22.4537
-0.972993	0.29408	19.9146
1.29287	-1.89885	22.7594
1.68503	-0.154014	22.239
1.86384	0.930814	22.7775
0.613083	1.15364	20.8009
1.36089	1.07864	24.3712
-0.721906	-1.7008	21.7433
0.423184	0.205636	22.2902
0.833357	-0.077985	17.7727
1.63151	-0.279688	23.8391
-0.683102	-0.703122	19.9266
0.496013	1.05038	20.5427
0.805607	-0.930154	21.6853
1.58588	-0.754002	23.9163
0.723756	0.63695	20.6585
-0.0687724	1.36563	23.5722
-1.43461	0.668171	23.9132
1.59907	-0.865942	22.0464
-1.29494	-0.302051	21.9206
-0.897436	1.82877	22.6466
-1.4841	-1.34687	27.63
-1.82695	0.0148762	23.1901
1.66311	-0.837578	21.8213
-1.18037	1.08486	20.6468
0.301545	0.470773	20.5333
-0.84641	-1.38101	23.9269
1.792	-1.31895	24.1055
1.85277	0.212304	22.415
1.11504	1.15338	20.6156
0.706738	1.36218	23.0387
0.289666	0.380903	19.5118
0.894808	-0.482761	19.7518
-1.24888	-0.407248	21.8768
0.539541	1.96838	25.3623
-1.53351	-1.09169	21.5513
-0.784504	-0.0942027	19.5793
-0.869148	-0.26359	20.2296
-0.535402	-1.17849	23.5495
-0.233242	0.189144	19.612
-1.53257	-0.72067	22.3484
0.673005	1.74695	23.0295
-0.685588	1.47113	22.0907
-0.0174854	0.280046	21.0069
1.38305	-0.803362	24.3494
0.524131	0.751329	21.1648
1.27141	1.53333	27.0862
-1.46086	0.511968	22.1706
-1.03388	1.78107	24.4539
0.123423	-1.90285	22.5446
1.34678	0.502172	23.1645
-0.606951	1.04683	20.864
1.02842	-1.3739	20.8503
-0.0496718	-1.57694	23.7683
-0.591939	-0.562062	21.3075
1.56597	-0.0767754	22.4876
-0.814164	-1.69734	23.0068
0.753529	-1.05663	19.6885
1.95162	-0.879794	23.1296
1.65228	-1.68932	25.4708
0.162284	-0.178647	18.7191
0.864854	-0.224068	20.1751
-1.6451	0.845315	21.592
-0.248552	1.20526	19.5297
1.13448	1.78706	21.4633
-1.96909	-0.802953	22.5178
0.00945185	-0.287671	17.7736
1.04441	0.209319	20.5181
-1.13999	0.346637	22.634
1.1317	-0.436121	20.1947
1.21899	1.51536	22.6172
-0.816855	0.131764	18.8164
-0.445414	-1.349	21.8947
0.857513	1.69195	23.796
0.0853683	-1.80685	23.1659
-1.13332	1.13818	22.5404
1.9108	-1.19876	22.4893
-0.0300426	-0.285337	19.3203
1.11223	1.01254	22.3492
-1.01894	-1.85527	22.1869
-1.00275	0.188466	20.844
0.263461	0.326063	21.1345
0.762565	-1.09459	21.081
1.86353	-0.0265615	20.9597
-0.562675	-1.77903	24.4658
-0.230494	-0.648991	21.3639
-0.791695	-0.707604	20.2865
-0.361662	-1.92822	23.5943
-1.09219	0.563732	21.8106
0.401095	-1.51977	22.0911
-1.07907	-0.647078	22.798
-1.01118	-1.22651	22.8789
0.0375379	0.493915	19.4614
0.852255	1.75665	21.5492
0.997815	1.02082	20.8482
1.48647	0.95662	24.0844
-0.362754	-1.94381	22.9137
-1.21868	-0.235314	21.4654
1.78562	-1.25967	24.8601
-1.09441	-1.19148	22.0716
-1.44124	0.116446	22.0565
1.3598	0.295506	23.7691
-0.16183	-0.104802	19.0946
-1.38673	1.41755	25.3029
0.33633	1.91314	25.3095
-1.50165	-1.05516	22.7249
0.515721	0.773155	23.451
0.656883	1.38385	25.0627
-1.78942	0.0159151	21.0836
0.223129	-1.47282	23.0364
-1.98673	-0.340079	22.4224
-0.669168	-1.04963	19.819
-1.45957	-0.376897	21.7998
1.28198	1.39007	25.7735
1.96161	-1.04134	22.5349
1.16886	0.660125	23.1601
1.22184	0.719697	23.5657
1.07962	-0.459193	21.4663
-1.22918	1.20235	21.6299
-0.197714	1.13751	21.1754
-0.575546	-1.43734	22.5154
-1.92662	-1.16407	25.3133
1.26794	1.17227	21.2677
-1.46771	-1.472	26.0221
-1.19504	-0.414016	21.4551
0.942085	-0.937404	20.1072
0.830988	1.2682	20.6102
