-1.5024	-0.144918	23.1181
-1.04568	-1.52499	21.8063
0.0766197	-1.74268	22.8685
-1.664	0.861659	23.3804
-0.0744592	0.293054	18.1035
0.449414	-1.99165	22.4315
-1.86144	0.250691	24.9477
-1.07005	-1.31041	21.6582
-1.57824	-1.0967	22.5665
1.0276	-1.90485	23.3303
-0.105581	-1.37581	22.9181
-0.290555	-1.34486	21.117
1.07757	-0.242411	21.9118
-1.01633	-0.473366	20.6108
1.51672	-0.293523	21.5226
-1.29258	-1.43815	24.9288
-1.54396	1.60386	28.0484
1.28609	-1.61278	24.482
-1.34479	-1.24684	22.948
1.21711	-0.220716	20.2962
1.53302	-1.83746	27.7536
1.77236	-1.02637	21.9149
-1.05257	-0.754926	20.7009
-1.40642	-0.165809	21.4396
-1.49219	-0.10677	21.5554
0.668119	-1.17037	19.8639
-0.893186	0.516666	19.9996
0.273634	-1.07479	20.4864
-1.94745	1.15281	23.6021
-1.24971	-0.937936	20.8693
-0.372493	1.43221	24.2725
-0.436852	1.38581	24.7385
-1.76511	1.01479	21.9022
-1.54763	1.85951	24.0796
1.39823	-0.754832	21.2002
1.2541	1.58779	23.9725
1.56053	-1.24184	26.8431
0.667971	0.423138	22.6639
-1.27698	1.7419	25.1333
-0.758909	1.53083	24.5601
-0.0938362	0.960554	19.5135
-1.92978	0.915639	22.3395
-0.0243732	1.71287	23.9516
-1.82772	0.356342	23.6179
0.129709	-1.03201	18.6395
-1.09483	1.74639	22.2714
1.15769	-0.0485219	18.2534
0.147789	0.515561	20.8907
-0.596301	-1.14873	21.6844
-0.176261	-0.649889	19.5651
0.207367	0.766328	20.0605
0.057962	0.759369	20.1744
0.293692	0.841948	20.7253
-0.528977	-0.530361	23.2022
-0.185659	0.179546	20.5922
-0.524891	1.33514	24.7334
-1.11808	1.18148	21.4915
-0.0877114	-1.08844	20.4655
-1.30268	-1.16084	21.6962
1.31504	0.489387	24.7658
1.06334	0.783772	21.2309
1.82334	-0.432271	25.4162
0.400162	-1.20581	22.5926
1.7968	-0.299958	25.4378
-0.576252	1.06977	20.6001
-0.934209	-0.640019	19.5337
0.587542	0.425531	20.935
0.968107	-0.058799	20.1699
1.72879	1.474	26.0181
-1.15782	0.606835	23.4806
0.634876	0.494574	20.5243
-1.2844	-0.609459	24.1587
1.3794	0.785257	23.7168
-1.29449	1.19438	24.8786
1.19379	0.0112445	18.6761
0.302845	-0.421465	21.476
1.8374	-1.94129	25.69
-1.68394	-0.04661	24.0664
1.07778	-1.71138	24.3857
-1.75577	-0.0437142	24.0736
-0.590812	0.307822	19.6931
1.31913	1.8396	25.2615
0.921385	-0.262572	21.7256
1.46194	0.6599	21.9134
1.12225	1.12889	21.7587
-1.80835	-1.00293	21.3135
-0.986597	-0.813146	19.2391
1.59213	-0.189851	24.8821
0.783252	0.29846	21.2109
-1.5871	1.12276	24.1556
-1.27441	-0.595817	24.563
1.19363	-1.74013	21.9929
-0.0185963	1.03581	19.6784
0.394242	-0.0914282	20.3126
1.44836	0.784011	22.0413
0.377565	0.314907	22.8517
-1.90239	-0.254084	21.2891
0.65874	1.73089	23.8513
1.83629	-1.06876	23.7828
-1.05852	0.419885	22.3015
-0.328608	1.03142	19.2187
-1.02047	-1.83983	20.8387
0.522861	0.70391	21.8237
1.95631	-1.59073	23.8756
0.17703	0.0968749	18.0266
-1.36964	-1.29854	25.2817
0.450418	-1.55992	26.2343
-1.28025	1.4056	25.8645
-1.61701	-1.29498	23.0342
1.90842	-0.00323524	22.2394
-1.15087	0.131658	18.6758
0.343587	-1.81424	24.2786
0.356311	-0.0458523	21.1749
0.319276	0.474109	23.2566
-0.344224	0.471451	23.6334
0.280345	1.42433	22.4904
-0.679014	-0.837787	21.4917
1.34607	-0.181714	20.0168
-0.801927	1.25795	23.9309
-0.233722	1.24623	22.7708
1.984	1.24848	24.0007
-0.914379	1.49265	22.9722
-0.919146	1.56225	21.7027
0.493244	-1.09327	22.0366
0.248537	1.9313	24.2467
-0.883014	1.21483	19.591
-0.12659	-1.81269	20.4406
0.813336	-0.510378	22.609
1.01157	-0.641352	21.4895
1.31415	1.98284	27.3117
1.31381	1.51828	24.3984
1.02159	0.75813	19.9592
-1.16609	-0.561236	22.5405
0.755635	0.467746	21.5166
1.63028	0.322691	25.0805
1.10206	1.80862	23.7907
-0.192958	1.18979	19.9034
-0.247392	0.211104	19.252
-0.629327	1.18764	23.439
0.436618	0.517987	22.3743
0.554559	-0.169123	19.7518
1.60456	-1.72186	27.0373
-1.59576	1.60352	26.2032
0.283916	0.680491	20.331
1.8872	1.89814	25.6032
-0.425499	-1.56961	22.9764
0.322047	1.59173	26.0653
-0.809414	1.05894	20.2748
-0.842291	-1.05753	21.3618
-0.0700786	-1.33763	20.7703
-1.48944	0.726875	25.8005
0.503438	-0.165908	20.9844
0.555466	1.98698	24.4419
-1.63298	-1.82954	28.3018
1.10765	-1.58924	24.5342
-1.81797	1.42118	26.0483
1.49632	-1.47983	24.8353
-1.52606	-0.58271	23.7873
-0.270816	-1.94234	23.0414
-0.840798	-0.360377	21.5641
0.254745	-1.87683	24.2761
-1.21427	-0.164711	21.8068
0.815826	-1.7218	23.1705
-1.18267	0.917046	22.6389
-1.63398	0.991399	21.6879
0.737488	0.22037	20.6907
1.47556	-1.86091	28.3255
1.70353	0.798322	23.5282
-1.30338	1.12782	23.9618
-1.55466	-0.538838	25.1117
1.32646	-1.19543	21.9156
1.88967	0.348391	23.5026
1.64804	0.936391	22.3386
0.447383	1.37061	23.2376
-0.822716	1.47432	25.502
0.252159	0.333108	20.6869
-0.760558	1.20714	22.5714
-0.148717	-1.74639	23.4004
1.28789	1.21644	22.9333
-1.49236	0.0477113	22.4956
1.45433	-0.830759	23.744
0.829629	1.42232	22.4214
-0.30687	0.501206	21.9121
1.95059	-1.29434	25.299
-1.55817	1.39409	26.3529
-0.880646	0.998834	21.244
-0.161956	0.761471	21.2092
1.49391	-0.464142	22.9559
-1.85056	1.64643	25.889
0.190489	0.628064	20.7588
-1.04571	-0.424124	19.5066
1.34992	0.776928	23.7587
0.461179	0.132301	18.6793
1.58478	-1.94943	27.01
-1.62221	0.376868	22.7558
1.78563	-1.11202	25.316
1.36188	-1.64468	24.2714
-0.485606	0.239606	23.134
0.96669	-0.0987138	20.493
-1.85229	-1.47835	27.3083
-1.60883	1.9648	26.2483
0.763353	0.591706	21.6876
1.51411	-0.187933	22.9438
1.98144	0.280209	23.2001
0.521338	0.582396	22.6957
1.78412	-1.30778	25.5364
-0.130905	1.32506	21.5469
1.47143	-0.384542	25.0069
-1.03961	-0.865118	21.2081
1.06796	-1.19325	20.0268
0.498936	-0.256423	21.7821
0.201305	-1.06859	20.3721
1.63833	1.93202	26.1522
-0.0564596	0.384707	19.3635
1.54114	0.109495	24.162
-1.44459	0.584969	25.4414
-1.48091	0.238439	23.6336
0.865731	-1.82791	24.7923
-0.488505	-0.135348	18.9471
0.108664	-1.60818	22.148
1.70966	0.108253	22.632
0.37954	-0.114564	21.3402
0.989471	-0.566018	21.6411
1.63642	-0.738725	23.949
0.587866	-1.04285	23.0262
1.00847	-1.97771	21.7926
0.992856	-0.365247	19.12
0.209548	-1.33312	21.1858
0.484749	0.428755	20.3073
-0.307949	0.244693	19.0441
-1.06213	-1.13054	21.4234
0.54544	-1.68304	25.723
-0.325418	1.7856	25.1758
-0.874299	-1.76545	23.0803
0.949983	1.02268	20.8078
-0.117513	-1.21646	21.1612
1.3029	-1.77067	25.0296
0.374934	1.69097	24.7913
-0.352977	0.457447	20.149
-1.58951	-1.60554	24.3319
1.31019	-0.605877	21.1481
-0.00742107	1.32519	19.7275
0.386169	-1.98703	24.5713
1.30419	-1.36012	24.5228
1.76294	-1.46821	24.5928
-1.44147	1.40908	24.2875
0.250789	-0.267342	21.058
1.32644	-1.83322	24.0795
-0.359658	0.435644	21.4368
-0.770209	-1.70308	23.6576
1.55319	-1.98166	24.1874
-1.75631	1.94662	27.9612
-1.07871	-0.63693	22.8352
-0.39987	1.44595	23.7621
-0.63451	-1.73876	22.9521
1.47447	0.721867	21.9495
0.648655	-0.295656	21.5996
1.59537	-0.129807	23.3835
0.724122	0.477312	20.3706
-0.62354	0.372123	21.4963
-1.10641	1.0401	21.9915
0.484693	0.651509	23.1243
1.27684	1.07619	20.9653
0.498163	-0.406279	23.357
-0.462523	1.51152	26.6706
-1.21892	0.215998	21.3376
1.21606	-0.150818	20.4992
-0.471498	0.91685	22.8748
0.384462	-1.55251	23.767
0.991493	-1.16344	21.6535
-1.92928	1.23934	25.2598
1.50568	1.93588	28.4426
1.26957	-0.996617	22.3797
0.263726	-1.30796	21.556
-0.795174	-0.0439245	20.5556
-0.611474	-0.48489	21.2506
-0.386405	-0.205485	20.0512
-1.2001	0.555063	21.2616
-1.33987	-0.96383	23.845
0.780337	1.03898	18.6812
-0.895719	0.305022	20.4413
-1.2684	-0.371738	20.976
-1.60847	-1.14161	25.7201
-0.45147	0.80858	22.5243
-1.12843	-0.420231	21.2026
0.185218	-0.219231	17.7399
-1.90505	1.50721	26.3333
-0.21246	-0.0382967	19.9722
-0.652649	1.79817	25.1323
1.6697	1.89258	25.0295
0.676675	1.25452	24.3051
0.474929	-1.96045	25.5325
-0.703344	-0.274291	20.3806
0.784175	-1.27113	21.9285
-1.88121	-1.22856	23.6962
-0.826899	-0.546002	21.4758
-0.429071	1.63781	26.3702
-1.77522	-0.883249	23.2612
0.138826	1.83871	23.3395
1.88331	-0.927493	20.9448
1.2594	-0.408145	22.1967
-1.61966	-1.20995	22.3575
0.019009	-0.0490465	16.9736
0.672845	-1.51714	25.1832
1.11398	-0.111548	19.9321
-1.10356	0.674053	21.3358
-1.07983	1.73763	23.6201
1.55851	-1.27816	27.4373
0.263213	-0.285324	20.2492
1.7343	0.980663	23.7676
0.519219	-1.54392	26.8229
1.96258	-1.64471	25.4127
-0.938997	1.81295	23.0843
1.81208	-1.6056	26.2692
-0.300493	1.8066	23.5511
0.408371	-0.876853	20.638
1.6728	0.107053	24.0684
-1.52181	-0.473731	25.7432
-1.99246	-0.0931717	22.1462
1.92248	-1.91793	23.5711
-0.127876	1.27684	21.7539
-0.247637	-1.26852	20.03
1.73886	0.155521	23.2351
-0.0896014	1.46556	23.847
1.90203	-1.81673	25.6947
1.31611	-0.168881	23.4104
-1.01072	1.42371	21.5618
-1.18595	0.202575	19.9318
1.46891	-1.78473	25.8464
-0.791384	1.82024	24.6506
-1.70474	-1.11354	24.3806
1.30531	-1.01416	23.6223
-0.687858	-0.473655	20.2993
-1.77849	0.146493	24.4171
0.612172	-1.52292	25.1788
-1.42251	-1.73275	27.579
-0.85368	-0.699788	20.7132
-1.38477	-1.17618	23.3667
-1.82557	-1.13315	24.8989
-0.169498	0.078012	17.9213
1.88206	1.6248	26.9369
0.531692	-1.49823	23.0371
0.029328	0.102222	16.9516
-0.531068	0.48422	20.9181
-1.82935	-1.29631	23.3455
-0.354115	1.36137	21.1405
-1.11467	-1.97111	22.9249
-1.40958	1.42679	26.2768
1.75974	1.30048	26.0402
1.93612	0.905171	23.2761
-0.605224	0.453311	22.0952
0.925607	-0.538885	21.2247
0.394227	-1.14456	22.9357
-1.05141	-1.23513	22.6689
1.28486	1.96575	23.7652
-0.975023	0.35373	19.453
-0.769892	-1.73628	25.69
-0.801205	1.3156	23.8045
1.72028	1.20404	24.5531
0.760338	-1.12567	20.2332
1.46781	-0.252152	21.1222
1.55199	-1.41697	27.0175
-0.787314	-0.194456	18.6776
0.352495	-1.51748	22.5801
-1.22947	1.11794	22.5518
-0.832543	-0.886518	19.0133
0.595541	0.555797	24.4464
0.655003	-1.23146	23.7348
0.645704	1.5592	25.1207
-0.950782	1.52628	21.8713
1.57765	-1.29181	26.8188
0.918208	0.797127	19.0969
0.622233	-0.564272	24.132
0.348653	0.0230998	19.1221
-0.061239	1.32312	21.0582
-1.1327	-0.71756	20.6884
-1.88094	0.79802	25.2276
0.0583339	-1.07712	19.3451
-1.22696	-1.96827	22.3146
-0.942004	-1.3394	22.7253
-1.0239	0.705555	21.0414
0.163736	-0.852371	20.4232
1.68723	1.57883	25.0073
0.0366998	0.161572	20.1938
1.53171	-1.22566	23.6892
1.56508	0.337285	23.2821
0.0658881	-0.00203119	18.0889
-1.41911	0.742138	24.662
1.55152	0.395516	24.3038
-0.589511	1.23032	23.9389
-0.160697	0.701795	19.2703
-1.74808	-1.33714	26.6451
1.29743	1.77126	25.9804
0.90974	-1.04297	20.1082
1.9601	0.676904	24.2502
0.722893	-0.663784	21.2153
0.353232	-1.87458	23.3023
1.79128	1.90513	24.209
-0.188285	-0.289024	20.3833
1.65109	-0.423256	23.6422
