0.307207	0.7753	44.5034
-0.941323	-1.35801	542.884
1.97854	-1.72777	3216.46
-0.700196	-1.04512	257.726
-1.04595	0.422018	49.3443
-0.215332	0.138828	2.23863
0.626422	1.66491	153.964
-1.73725	0.551309	566.687
1.19019	-1.45211	814.728
-0.203089	0.429834	17.5404
0.136904	0.959593	93.7282
1.86482	-1.40502	2170.08
1.93541	-0.638512	2096.17
-1.29418	-1.40124	989.585
1.40529	1.34645	40.0486
-0.313403	-0.91119	107.761
0.0313081	0.920663	90.6512
-0.155248	-1.738	327.426
0.478922	1.18327	94.9157
-1.50692	1.87478	21.7484
0.886227	1.87012	108.26
-0.05651	-0.138521	3.28073
-0.163514	1.32849	170.811
-0.604667	-1.20846	250.347
-0.63943	1.88252	204.464
0.922421	0.461692	14.3937
1.75144	-1.6724	2314.69
-1.30004	0.966368	56.5179
0.406034	0.801809	39.2858
0.589863	1.67144	182.347
-0.236781	-0.197991	7.2655
0.841379	-0.580107	162.608
1.84133	-0.309429	1260.08
-0.417514	1.47059	170.041
-0.186491	0.177822	3.4539
-1.78866	-1.6106	2390.93
0.685276	1.43166	87.0948
-1.43536	0.382238	270.251
0.21741	1.6725	256.807
-0.712869	-1.87184	563.692
-1.71379	-1.16438	1537.49
-1.57417	-0.831481	1123.93
0.426495	0.886269	52.9393
0.209461	1.13867	124.097
-1.51005	-0.701566	913.335
-0.520015	-1.02911	159.204
1.18214	-1.74427	947.598
-1.37824	-0.851993	808.518
1.28921	-0.761699	552.296
-0.435875	-0.0217236	6.02038
1.57363	0.874489	256.911
0.0554988	-1.2013	144.485
-0.68681	-1.91284	611.454
1.49648	1.4428	60.5256
1.7803	-0.630774	1401.45
-1.23305	1.32093	8.78651
0.311318	-0.652466	61.7289
-1.95567	-0.966282	2211.86
0.493583	1.70279	217.438
-0.890196	0.767651	3.37993
-1.58382	0.455181	432.568
1.45855	-0.0953027	459.638
0.982279	0.540014	17.3287
0.826454	1.64757	84.6894
-0.143834	-1.6986	317.686
-0.152834	-1.79591	325.658
0.224119	0.284652	5.60959
-0.610008	-1.88102	525.56
0.659058	0.0933126	11.7474
-0.76635	-0.59655	153.297
-0.155356	-1.76215	320.417
1.17201	-1.93352	1017.18
1.13005	-1.535	861.923
-1.72694	-1.47328	1873.13
1.34662	-1.85598	1386.94
-1.09742	0.277364	90.3262
1.95104	-1.29642	2500.73
-1.78459	1.89349	174.496
-1.92025	0.97877	771.868
0.452957	0.494106	8.0423
-1.60415	0.950738	264.654
1.32394	-1.6791	1189.68
-1.51715	0.468254	318.529
1.42299	0.501726	218.257
0.431979	-1.95278	430.538
-1.71797	-0.0763021	850.172
-1.61669	1.49359	144.217
1.35675	1.68584	2.6034
-1.20857	0.437662	105.144
-0.823236	1.91751	155.462
0.34304	1.10676	93.347
1.15274	-0.315238	262.206
1.94345	-1.01499	2182.36
1.24323	-1.10721	675.66
-0.93826	-0.170049	112.946
-1.27589	-1.20727	825.183
0.0973538	-0.839167	67.7362
-0.802943	0.307124	13.9151
-0.228694	1.39152	175.435
-1.14733	1.44361	6.66618
0.0848025	-1.57644	244.077
-0.283258	0.608589	30.4494
0.568005	0.231268	0.96005
0.489193	0.717316	24.7276
0.953185	-1.81521	675.123
-0.471428	-1.439	264.233
1.02341	0.999948	0.205138
-0.302235	-0.61094	51.0163
1.35051	1.16332	43.7551
-1.96361	-0.360645	1804.47
0.133287	1.33749	162.673
-1.5045	0.869955	198.474
0.783221	-1.53739	458.026
-0.140739	1.58232	265.082
1.02514	-0.632515	266.39
0.00765494	-0.930259	88.4092
-1.11138	-1.17463	573.469
-1.5186	-1.3961	1500.93
-0.0982928	-0.116953	2.78128
-1.91174	1.54315	463.446
1.79974	-0.858782	1713.47
0.645568	1.37209	93.2187
0.030555	-1.74367	329.727
-1.42375	1.76836	11.4357
-0.0463619	0.605063	38.1943
0.993889	-1.63747	709.889
-1.17409	0.210342	146.829
-1.54497	-1.72231	1695.07
0.463748	1.72835	240.758
0.453268	0.692885	24.7798
-0.139477	-1.08753	133.748
-1.53711	0.342061	377.411
-1.69346	-0.174694	904.951
-0.742144	1.25541	57.4275
-0.747766	-1.84678	529.536
-1.6191	1.7258	85.344
-1.99168	1.47243	656.386
-1.51246	1.39656	87.4125
-0.608106	-0.44842	73.01
-0.154719	-1.20996	147.441
-0.483365	-0.586724	72.9754
-0.219807	-1.96382	422.611
-0.707248	0.385283	3.8541
-0.358523	-1.5545	276.553
1.04415	1.79618	49.3367
0.612691	-1.28575	300.936
-0.0160681	-0.912427	86.8617
0.0984976	-1.0748	110.138
1.05073	-1.52269	641.667
-1.20212	0.0422668	189.546
-1.59021	-1.43764	1453.56
0.261694	1.58489	232.799
-0.321501	-1.31347	186.288
0.950851	0.555099	12.4275
-0.219849	0.74783	51.9301
0.939417	-0.0528576	95.3684
0.139597	-0.724525	61.1444
-0.656918	1.30297	84.9795
-1.82304	1.64913	262.366
1.27797	1.14532	24.5964
-1.94918	-0.730009	1977.77
-0.142652	1.93965	347.495
-0.399419	0.0636459	3.02174
0.906325	1.99956	130.48
-0.857085	0.987596	9.25874
-1.87858	0.702997	847.296
-0.179778	1.64525	253.7
0.247659	0.982271	83.6709
-1.81105	0.496107	829.827
-0.662415	-0.885977	169.352
-0.928413	0.538432	13.4759
-1.21346	-0.358379	357.112
-0.112253	1.33186	175.281
-0.0989101	0.58127	36.238
-0.112641	1.41328	185.559
1.34897	-1.37338	1019.72
1.34571	-1.19756	859.955
-0.553105	1.54014	159.383
-0.943757	-0.894253	296.586
-1.7863	0.886212	490.4
1.45153	1.82626	7.4355
-0.408134	-1.3807	243.802
-1.81573	-1.86072	2481.23
-0.36954	-0.548087	49.7247
-0.100492	-0.954632	90.5104
0.368849	-0.111234	6.83893
0.0328916	-1.97814	396.594
0.850307	0.331457	14.1264
1.20675	0.908895	28.2011
-1.43963	-0.981243	994.824
-1.62376	0.351544	555.485
1.88947	-1.28698	2548.71
1.71902	0.60263	559.436
-0.919481	0.553529	12.328
1.75042	-0.0787919	968.497
-1.8151	0.746584	637.437
-1.52735	0.426157	392.107
0.879451	0.512899	7.27854
0.85805	-1.79343	633.548
-1.73377	-0.59101	1301.29
-0.209009	1.71244	279.936
-1.7142	1.26636	298.451
-1.53553	-1.43768	1461.51
0.533384	0.230312	0.521571
-0.315694	-0.182495	10.5647
-0.0648318	0.0581317	1.32497
-1.23378	-1.81736	1209.89
-0.469233	-0.944075	132.199
-0.743237	0.612341	3.16028
0.843235	0.515468	3.84958
1.39324	-0.145239	431.092
0.307033	1.03742	81.3851
-1.81173	-0.957939	1787.88
-0.67452	1.21805	55.5389
-0.668006	-0.0778265	30.246
-1.80694	-1.90732	2871
0.792777	-0.498489	134.675
1.17982	1.64349	6.93036
0.301205	-1.62617	307.071
1.31869	-1.41814	907.101
-1.72649	-0.604729	1228.35
-0.53373	-0.102655	15.9801
-1.45641	0.800348	182.286
-0.940229	1.3675	27.6813
0.901076	-0.603769	202.437
0.783378	-1.303	385.782
0.873283	1.1547	16.1576
-1.21228	-1.96345	1254.51
-1.36152	-1.7065	1183.98
-1.24184	-1.3408	886.352
0.178169	1.81757	316.396
-0.495417	0.769987	31.834
-1.71932	1.55542	197.472
0.792139	-1.55814	515.959
1.70475	0.597845	512.005
1.0094	1.33061	10.397
-0.302618	-1.95679	408.64
0.0453735	-0.761129	58.5652
-0.724567	-1.36973	365.594
-1.53711	-0.1922	685.556
-0.17497	-1.6848	298.601
1.60851	-0.409855	871.714
1.81356	-1.97718	2662.96
-0.266754	0.208989	3.67961
-1.82755	-0.113879	1308.95
1.96127	-0.600262	2097.05
-0.894555	1.86434	119.159
-0.786479	1.51436	78.4327
-1.72722	1.84819	137.642
-1.96405	0.690249	981.576
1.46534	-1.09644	1041.83
-0.0339601	1.0397	104.569
-0.961977	-0.0972309	106.258
-1.49519	-1.38096	1274.75
-0.831484	1.86869	129.186
1.59563	-1.88783	2143.25
0.568524	1.79379	205.622
-1.62192	-0.523734	1041.95
-1.46678	1.32584	74.2458
0.0797231	-1.74801	296.282
-0.892362	-0.13707	85.2588
1.67637	-0.549435	1163.05
0.638321	1.5284	128.298
0.300218	-1.98019	403.365
-1.24882	-1.05651	675.644
-0.900929	1.41772	42.3606
-0.143719	-0.425076	20.7522
-0.735011	-1.77672	518.246
-0.239431	0.820494	54.9963
-1.07322	-1.37289	635.285
-0.321097	1.04882	96.6539
-1.35507	0.620858	157.854
-0.045788	0.402386	17.1169
-0.0522918	0.559245	34.0024
0.403801	-0.366493	29.8174
0.114972	-1.94663	407.976
0.405756	-1.1905	196.872
-0.356704	0.584343	22.2804
-0.0254401	1.57864	227.552
0.942416	-0.219217	126.308
0.502225	-0.881422	140.353
1.5979	1.97123	33.2088
-0.464002	0.190706	2.22582
-1.13274	0.74091	32.5868
-0.977321	-1.29245	468.357
1.18	-0.745543	420.539
-1.6042	-1.02599	1406.58
-1.65169	1.70407	106.295
0.132756	-1.7668	312.785
0.349116	-0.180793	10.16
-1.20235	-1.41796	874.366
0.225645	1.84507	316.048
-1.56795	-0.655753	908.085
-1.72839	-1.48383	2167.1
-1.40244	-1.7083	1261.49
-1.40729	-0.893839	890.195
1.62182	0.937277	269.795
0.153314	-0.0210885	0.998153
-1.97458	1.52847	587.898
0.0464725	0.634226	41.6772
1.28128	-0.515653	484.107
-1.1588	-0.67326	390.561
-0.643306	1.39524	96.0438
-1.18521	-1.85583	1164.01
1.12801	1.22877	0.225527
-1.04067	-0.472209	268.172
-1.6341	-1.58939	1967.13
1.53096	0.957382	194.435
1.05295	0.865162	5.69646
-1.56649	-1.27824	1399.46
-0.270201	-1.34226	216.045
0.807668	0.0710175	34.5058
0.548139	-1.13216	186.954
0.0749546	-1.53204	249.159
1.93267	-0.561431	1773.11
-0.84705	-0.966839	269.882
-0.920634	1.43767	36.5855
-1.2104	0.235905	149.733
-0.26653	-0.611411	50.105
-1.43895	-0.144155	451.772
0.870326	-0.6868	196.091
1.99705	-0.334942	2000.86
0.35449	-1.28412	217.092
1.83814	1.15795	454.394
1.02269	1.67053	40.9687
-1.49104	-0.386917	735.602
1.90296	-0.568958	1862.01
-1.85596	-1.2254	2364.16
0.489614	-0.928638	149.076
-1.28914	-1.29672	915.796
0.0566203	-0.257375	8.2178
-1.57248	-0.530505	981.225
0.945494	0.727514	2.66244
-0.722096	0.728705	6.7539
-0.998454	0.718284	11.5219
0.991491	1.20866	5.03894
-1.28402	1.94855	14.2069
-1.61138	1.69251	87.6589
0.373578	1.47107	163.47
-1.97884	1.20467	706.714
0.456142	-0.308169	28.8318
-1.60446	0.173964	559.63
0.461705	0.877184	42.6058
-1.80116	-0.558948	1497.86
0.586825	-1.25181	244.751
0.469921	0.260063	0.400143
0.951156	0.486778	16.42
1.45319	-1.13303	1053.08
0.361442	-1.37613	243.365
-0.609854	-1.3854	305.181
1.99457	-0.191341	1652.61
-1.61427	-0.722311	1069.92
1.44159	-1.71178	1379.12
-1.63938	1.52349	136.772
0.192359	1.26171	150.642
-0.0477983	1.139	132.915
-0.0502393	-1.73258	317.269
0.117222	-1.03853	118.197
0.972442	0.1057	72.6678
1.76568	1.05644	450.958
1.20325	-0.588398	414.654
1.61632	0.392303	458.776
0.697935	-1.29583	343.417
-0.479762	-0.362729	40.3302
-1.14968	0.997325	15.905
-0.00283427	-1.19237	131.728
-1.36259	-0.910496	763.572
1.93173	0.207882	1267.37
-1.0565	0.707602	22.3877
1.19069	0.970542	21.2364
0.520726	1.54738	174.522
1.88537	0.0317086	1266.71
-0.694102	-0.405189	75.0177
-1.64081	-1.90703	2058.65
1.51579	0.309366	371.848
1.04833	0.345229	56.8194
-0.693375	1.57275	130.657
-0.101702	1.48466	222.946
0.831865	-1.58184	522.235
1.15589	-1.18193	634.059
-0.15967	1.35096	189.424
0.763254	1.62491	101.096
-0.45864	-1.16537	204.784
-1.73655	1.73808	168.993
1.04623	-0.205176	170.631
1.91761	-0.867718	2004.49
0.267125	-1.51761	273.26
0.651375	1.73835	188.35
0.547528	-1.65678	383.021
1.73129	-0.756248	1367.2
-1.15876	1.8585	33.7634
-1.9745	0.129973	1429.15
-1.23666	1.57502	4.8988
0.233327	1.15919	121.409
1.51731	1.97212	11.6113
-0.431575	0.813404	40.1392
-1.06297	-0.720023	336.083
-0.867855	-0.478682	147.474
-1.95951	-1.7464	2878.83
-0.809649	0.261189	18.8254
0.421744	-1.5437	311.549
-1.59813	-0.977573	1241.42
1.97882	1.9345	413.154
-1.39489	-1.48312	1252.31
-1.3181	-1.95875	1481.24
0.935199	-0.769026	294.468
0.986643	-0.728625	281.02
-1.47157	0.200072	357.088
-1.71668	-1.7478	2233.61
1.24771	-0.534965	455.108
0.485835	0.949031	55.6996
-0.757528	1.6265	119.592
1.50124	0.750177	228.578
0.804076	0.362411	8.11124
-1.62132	1.74494	86.6695
-0.0486919	0.640061	44.6881
-1.27491	-0.00538884	287.392
-1.28112	-1.71257	1039.63
-1.87168	1.40152	427.44
0.978131	1.86576	82.6328
-1.89067	-0.674751	1904.78
-0.468193	-0.863547	118.197
1.54055	-0.0981014	666.064
-1.35881	-0.310067	512.942
-0.392141	-0.68708	72.6418
1.52731	-0.141273	612.321
-1.47604	1.50632	46.7196
-1.7855	-1.78225	2478.1
0.345694	0.611085	23.6096
-1.98759	-1.96665	3264.48
-0.371155	0.0943634	2.04767
-0.315741	-0.122694	6.47645
-0.109585	1.83178	319.094
-1.79946	0.337253	781.357
-0.432809	0.689064	25.5937
1.38091	1.88719	0.20052
-0.798146	-1.56772	494.224
-1.73242	-0.793475	1360.63
-0.318142	-1.58709	295.379
-1.19163	1.98331	37.2691
-0.788535	0.572437	3.16701
-0.77804	-0.992717	258.542
1.04164	-1.61004	733.598
-1.3748	0.866348	103.812
0.0632617	-1.38258	200.864
-1.32415	0.988988	59.3627
-0.271201	-1.34997	187.916
-0.849922	-0.863062	234.398
-0.551393	-1.15767	211.742
-1.57636	0.15154	507.015
-0.159167	-1.11649	119.864
-1.50298	0.0305361	492.786
-1.84562	0.394018	851.397
-0.361369	0.812604	51.7537
0.00906892	-1.85349	313.547
-1.83976	-0.608872	1586.92
1.49553	-0.209947	580.84
-0.785132	-0.62214	144.065
0.0459807	1.34438	195.563
-0.666829	0.984263	29.0248
-1.8994	-0.350311	1590.75
1.83694	0.493773	772.348
1.8238	0.832269	660.038
0.805339	-0.90965	242.843
-1.30065	1.81703	6.79526
1.48266	1.86937	10.7196
0.16713	-1.02381	120.214
-1.12083	-0.597343	316.755
1.39689	0.351851	263.658
-0.118663	-1.10152	116.908
0.626836	-1.7622	501.76
1.55961	-0.671803	973.554
0.425092	-0.455119	37.0893
0.182995	0.836251	67.715
0.888606	-1.01061	333.818
-0.366782	-1.01734	139.929
-1.98892	-0.149486	1812.88
-1.27425	-1.55973	1079.71
-0.855366	-0.578346	164.549
-0.23558	-1.53422	254.246
-0.0364112	-0.75583	61.3228
1.88917	0.257661	1141.16
-1.73234	-1.69945	2305.57
-1.47311	-1.62645	1505.37
0.382332	-0.921515	120.097
0.384853	1.17555	113.358
-1.41994	-0.189938	536.904
0.395877	-0.066954	4.99215
-0.986427	-0.835825	331.145
0.763769	1.57022	104.271
0.0921086	1.27621	156.69
1.32506	0.622677	119.505
1.61022	0.699562	351.637
0.88248	0.170919	36.223
-0.201412	-0.301101	14.1664
-0.922773	-0.906427	287.713
-1.0339	-1.47107	590.863
-1.81348	1.91876	177.99
0.959719	0.550311	13.8846
0.921485	0.874837	0.0707756
