0.34352	0.687802	30.5948
-1.09742	-1.82067	919.465
-0.626726	-1.31996	295.995
1.82106	-1.12714	1975.07
0.0751035	-1.83245	325.163
-0.976088	-0.703082	269.74
-0.811251	0.504144	5.70826
1.02393	-1.0402	453.692
0.561476	-0.152277	20.7278
0.0163806	-0.180938	4.59117
1.61656	-1.01734	1371.26
0.649244	1.5471	116.671
0.855829	1.8035	118.178
-1.20889	1.91777	26.2196
-1.62199	0.346696	560.335
0.014526	-1.29636	155.555
-1.72777	0.375002	723.195
-0.771519	-1.79258	573.307
0.365414	-1.13742	173.27
-0.555955	-0.429221	58.0694
-1.78214	1.05515	462.128
-1.10578	-1.85161	959.098
1.9612	-0.876871	2254.08
-0.010151	1.95634	368.359
-0.451691	0.668419	22.4899
-0.238662	-0.222586	10.0033
1.31974	0.614848	125.812
1.74502	0.991902	443.216
-1.33884	1.97867	9.47237
1.49497	0.974246	168.733
-0.205979	-0.961299	105.267
-0.120749	0.98878	100.009
1.25265	-1.39256	824.591
1.3652	1.32766	28.8746
-1.35704	0.166671	303.244
0.422119	1.04754	72.8751
-1.29575	-1.76156	1177.11
-0.203731	1.49812	202.94
-1.5412	0.954592	202.05
1.50292	-0.46696	772.933
-1.62926	0.0764955	617.8
1.36802	0.0713636	320.931
0.262054	-1.49081	258.366
-1.78947	0.724207	596.948
-1.37902	0.116477	308.143
-1.6164	-1.21394	1588.9
1.67305	-0.392633	1090.51
1.59871	0.755067	318.157
-1.7544	1.6494	198.956
1.58225	-0.529878	846.852
0.923741	-0.0902279	92.591
-0.0979881	1.85309	341.052
-0.368508	-0.23205	16.4824
0.272818	-1.33043	187.997
1.3435	-0.964134	774.599
-1.57462	0.923698	263.579
1.18108	-0.658438	404.808
-0.975296	-1.03993	364.332
1.94877	-1.90802	3386.71
-0.900481	-0.843141	277.186
0.522182	0.463091	3.54583
-0.229517	-0.61175	44.7451
-1.81739	1.24966	395.164
0.230183	1.8616	314.593
1.83807	1.08583	521.067
1.15483	1.46805	1.9592
-0.0508531	1.90025	375.666
-0.19917	0.706082	44.0148
-0.695693	1.07994	39.1588
-1.18033	-1.79179	1059.92
-1.76691	-0.953038	1768.33
0.0644649	-1.52796	249.751
-0.547036	0.30999	2.40486
-1.50301	-0.768151	913.423
-1.38777	1.91517	5.77007
0.977763	-0.723391	307.427
1.9687	0.813669	938.599
1.32669	0.851713	82.6238
1.03458	-0.948772	423.998
-1.36872	-0.13162	436.151
1.07048	-1.07962	515.126
0.566308	-0.0678667	15.8983
0.400331	1.3289	142.408
0.96695	-0.517346	215.148
0.793838	-1.05352	272.185
-0.827851	-0.788552	211.753
-1.90505	0.229433	1199.22
-1.79859	0.828397	598.707
-0.70759	1.39959	77.022
0.571729	-0.973335	162.468
0.62078	0.260529	1.5661
-1.77389	1.50695	262.742
1.36291	0.928743	78.6201
-1.43024	-1.33898	1197.5
1.33154	-1.39755	1045.55
-1.93267	0.300929	1294.96
-1.76142	-0.721075	1572.56
1.2045	0.191794	150.627
-1.23878	0.978296	35.9555
1.77218	-1.59914	2449.36
1.90935	-0.996788	2134.44
0.572176	-0.561654	83.9754
1.18859	-0.521734	389.223
-1.72564	0.775667	502.229
1.32799	-1.71241	1147.92
-1.65683	0.601924	443.052
1.4647	0.676879	228.805
-1.59653	0.535439	379.181
1.07523	0.949725	4.00954
1.58766	1.56902	89.9987
1.52079	0.929336	191.671
-1.96243	0.969092	822.605
1.24291	0.873275	45.1562
0.484579	-0.0580753	8.84425
-1.51104	-0.156962	643.884
-1.55045	1.02837	205.493
-1.01716	-1.10047	446.132
1.13087	0.0922418	153.502
-1.65395	-1.25963	1699.39
-0.85413	-1.3063	422.08
-1.05213	1.73736	44.3885
-1.32157	1.16821	38.0592
0.988755	-1.52448	626.058
-0.309982	0.119276	1.71672
-0.559516	0.0216199	10.1609
-1.95781	0.64559	1096.45
0.960193	0.247652	48.2006
1.74343	0.138886	900.868
-0.42242	-1.50177	278.648
-0.752471	0.79148	7.49402
-0.58311	-0.185869	31.3683
1.86996	0.842983	704.997
1.3237	-0.0889445	369.6
1.75032	1.38314	302.775
-0.759034	-1.343	371.401
-1.35433	-0.694254	670.652
1.22633	-1.55838	975.303
1.43398	0.0352102	371.884
0.674542	-1.77316	541.272
-1.36766	0.571	184.944
-0.44222	-1.89016	454.585
1.79368	-0.394219	1291.88
0.918019	-0.683058	239.803
-1.14243	-1.2047	634.523
1.50184	-1.14471	1179.55
1.53735	-1.89944	1762.97
0.576937	1.41723	124.83
-1.83279	-1.2428	2253.33
0.489847	1.38974	128.488
-1.07661	-0.557244	277.969
-0.447486	-0.312937	28.4307
0.517777	-1.74157	428.353
1.28207	-1.49834	997.201
-0.851314	-0.988697	314.833
0.866119	0.703495	0.226274
-1.27006	-0.0492343	261.766
-1.87847	0.440934	923.212
0.151438	1.32625	155.23
-0.149369	1.22256	136.659
-1.44345	-0.148871	484.169
-1.64436	-1.09856	1365.7
-1.96753	1.01886	797.71
0.391951	-1.73643	371.905
-0.551645	0.189979	4.04915
0.93596	0.271593	37.6336
-0.27644	1.59016	251.54
0.565083	-0.291232	37.4663
-0.257888	-1.09079	126.029
-1.19423	-0.23028	268.035
-1.35199	-0.416376	478.651
-0.971145	-0.977385	368.993
0.960024	1.33436	18.5683
-0.0521324	-0.106719	2.12025
0.60737	-1.829	449.403
-0.54751	0.149165	4.38312
0.160561	0.139535	2.09861
-1.60018	-0.090397	709.534
-1.4738	1.4836	51.9148
-1.24754	1.61709	5.63698
-1.29323	-1.92667	1261.6
-1.78134	-0.14168	1084.43
1.7973	1.69417	253.166
1.40363	-0.304917	486.706
1.99597	0.112942	1514.43
0.433748	-1.78673	394.232
-0.0592887	1.16982	149.492
-0.386401	-0.84985	105.824
0.735737	-1.05903	251.056
-0.768239	1.89529	176.925
-0.241175	-1.09036	132.116
1.96904	0.717402	939.359
0.937713	-1.46276	586.926
1.34731	-0.708813	618.092
1.22101	-0.288418	329.3
0.342538	1.46772	173.647
-1.60126	-0.049232	744.854
1.00428	-0.799422	330.156
-1.40165	-0.429412	578.908
1.9165	-0.32517	1679.33
-1.3237	-0.0601699	310.489
-1.83377	0.724164	683.09
-1.27108	-0.293777	403.029
-1.60376	1.66938	86.4972
0.840113	1.34527	42.5555
1.51351	-1.51844	1364.15
1.02768	-0.215161	155.155
1.83705	0.0208656	1170.58
0.184775	-1.33371	204.666
-0.474285	0.807053	32.8131
-1.58904	0.707447	360.666
1.30185	-0.0676963	282.769
1.64636	-1.6145	1908.41
-0.0926801	0.389374	15.2228
-1.18592	1.77627	17.3506
-1.68809	1.65161	152.262
1.16782	0.587575	63.2948
-0.132216	-0.0835548	2.30274
-1.09718	1.633	23.0466
1.23213	1.05897	21.3506
0.0126858	1.75866	331.922
-1.67886	-1.45038	1719.8
1.85196	1.16277	468.324
-0.730901	-1.36363	374.073
0.902632	-0.766192	272.44
0.723393	1.63844	119.455
1.8263	-1.53761	2375.28
0.109838	-0.947091	90.0066
1.07934	0.229603	87.4994
-0.55304	-1.31044	279.472
-0.940157	-1.27123	472.902
-1.83011	1.07754	534.577
1.47294	-0.425472	700.581
1.12628	1.25881	0.0240819
-1.6421	0.164963	706.143
1.58251	0.0240971	652.426
0.0178411	-1.63181	270.022
0.782408	1.355	57.9891
1.74984	-0.503794	1272
-0.505375	-1.00662	174.46
0.2312	1.10467	114.43
-0.684861	0.38185	3.88679
-0.645195	0.107652	11.7423
0.667064	1.45676	102.483
-0.390062	-1.55449	272.669
-1.64833	0.833907	354.379
1.03502	-1.31075	584.426
-0.371464	1.71292	237.426
1.53294	1.10797	160.705
-0.855382	-0.390485	128.074
-1.71726	-1.4146	2064.39
1.28192	0.156934	218.803
-0.364894	-1.19696	194.872
1.77989	1.10125	393.539
1.46281	0.982173	131.545
1.91886	0.889223	757.394
-1.39429	1.54686	23.0132
1.87529	1.15804	545.954
0.98069	1.05233	0.886542
-1.371	-0.658629	701.898
1.93496	-0.65608	2111.33
-0.830131	-1.4993	472.622
0.243186	0.970778	79.4973
1.10914	1.15489	0.561655
-1.07906	-1.6147	846.543
1.70746	0.723211	481.08
0.0898051	1.82967	319.348
0.476986	-0.603535	69.3381
-1.03156	-1.78937	769.264
-1.08546	0.453685	59.1177
-0.315136	-0.402149	24.9945
-1.34528	-1.38958	998.212
-1.00317	0.743162	9.95492
1.10757	-0.106181	163.457
0.747682	0.967164	16.7212
-1.55322	1.9963	25.508
0.835115	1.91443	154.064
-0.874283	1.00504	9.86351
-1.47745	1.05211	142.033
-1.98714	0.605199	1036.7
-0.599457	1.26913	86.1825
-1.30659	0.288443	206.604
1.09681	1.95315	51.7819
-1.77295	-0.746381	1459.87
-1.95848	1.99804	318.718
1.66836	1.54657	158.027
-1.50321	-1.34638	1267.4
-1.61967	1.22857	183.274
-0.840822	-0.299031	98.3192
1.55262	0.86487	222.5
1.03566	-0.631391	304.874
1.52533	1.99889	10.6875
0.159817	0.963816	86.0795
-0.594766	0.315529	2.44729
1.72274	1.03254	371.302
1.48448	1.98357	5.53741
1.2645	-0.696322	479.481
-0.297592	-1.45785	231.191
1.3057	0.750364	93.934
0.982406	1.12075	2.22853
0.513749	0.348973	0.997921
-1.80675	1.24706	431.422
-1.83339	1.43958	388.664
-1.95086	0.467829	1122.95
1.41709	-1.44053	1213.3
-1.40041	1.37808	40.1561
-1.31895	1.55508	8.87092
1.64509	-0.155258	868.43
1.50378	-1.57969	1475.6
-1.00186	-0.868275	365.08
-0.290859	0.583869	27.6571
1.89834	1.29768	521.924
0.584808	-0.903859	155.389
0.0826822	-0.62551	37.1532
-0.16905	1.05758	108.324
-0.401738	1.11727	99.8682
-0.295653	-0.72369	62.0698
-0.0134514	0.7452	58.7937
-0.00390556	0.114536	2.11059
0.791302	0.366877	7.23992
1.00227	-1.7082	787.41
-0.288537	-1.2093	170.418
-1.85089	-0.559877	1628.61
1.63966	0.0642844	723.512
1.49755	0.00172454	457.212
-0.617175	-1.71662	473.557
-0.274394	1.60451	228.412
0.0555326	0.581994	34.4058
-0.697411	-0.240974	58.0173
-0.848472	-1.95928	721.219
-1.70165	0.686146	460.796
-0.545069	0.895206	34.726
1.97875	0.506243	1256.29
1.7025	1.0118	360.019
0.765529	-1.34739	373.868
-1.63783	1.00535	296.883
1.3113	1.21477	25.5731
-0.570206	1.55774	162.117
1.5575	1.18985	163.78
1.27569	-1.88942	1335.82
0.907123	-0.729715	245.883
-1.61227	1.79128	72.134
-1.31977	0.505699	148.684
0.740513	-0.338323	81.8353
0.325931	1.71994	279.122
0.718382	-0.641353	132.702
-0.688386	-1.19717	307.477
1.12559	-1.49684	763.876
1.62037	0.279649	589.291
0.176521	-1.15277	150.707
1.6851	1.67407	141.76
1.33431	-0.458233	491.225
1.75321	1.38467	277.294
-0.389649	-0.581007	56.192
0.879201	-1.26974	425.636
-0.935793	0.938434	3.97512
0.983714	-1.78243	779.009
-1.79909	0.566848	706.241
-1.42727	-0.296919	589.208
-1.33379	1.37598	22.9899
1.6391	-1.98792	2229.28
1.73913	1.78315	162.394
1.35625	-0.234574	456.083
0.619891	-0.458634	76.8876
-1.82632	0.423336	838.898
-1.98087	-0.29404	1698.53
1.93633	0.861766	826.355
0.763858	-0.196673	60.9194
-0.428019	0.00951651	5.15697
-1.28999	1.51259	8.14185
0.240592	-0.793725	73.8316
0.517774	-0.638634	76.676
-0.551274	-0.826416	131.47
1.1273	-1.41244	784.797
-0.475886	-1.08469	158.423
0.135868	0.481692	22.8713
0.871853	1.22398	21.1016
0.628519	1.02833	36.6227
-0.230166	0.311331	7.53297
0.702862	1.96694	234.403
1.71636	1.43012	239.484
1.38234	-1.74444	1336.27
-1.90048	-0.440828	1502.24
-0.157764	-0.733811	54.7798
1.49437	1.93651	9.31404
1.00358	-1.65679	688.383
0.790589	0.605919	0.087617
-0.651946	0.434157	2.60039
-0.627755	1.74477	177.683
-1.66261	0.22373	619.892
1.29268	-1.16084	802.021
-1.99627	-1.97768	3849.61
-1.95315	1.85509	357.422
0.190862	-1.37825	214.842
0.159691	-0.385568	18.308
1.25568	-1.41117	848.181
1.53871	0.104336	538.171
-0.972691	1.95547	105.769
0.503773	-1.02316	163.306
0.0052474	-1.44642	203.905
0.0758809	0.915677	80.3032
