1.85633	-1.17971	-1.46278	-0.742349	-0.856661	57.6152
-0.911386	-0.324671	-0.189078	0.314745	1.48458	51.2007
1.2055	-1.28653	-1.35708	-0.406641	-1.89992	64.663
-0.396049	0.486366	1.61616	0.494013	-0.336293	57.4136
-1.01498	-1.45544	0.991534	1.74483	0.4845	56.2573
0.886637	-0.347388	-0.527792	-0.328834	-0.387388	50.2723
1.65477	0.710106	0.21629	0.208763	-1.49588	54.0693
-0.940942	-0.411954	1.19462	-1.73315	1.23059	55.4311
0.844469	-1.97759	-0.803964	-1.89189	0.788662	52.0453
1.40424	1.13178	0.163439	-1.66087	-1.58659	64.9342
-0.843285	-1.20849	-1.63375	-0.829923	-1.94957	57.755
-1.42386	-0.479351	-0.654627	1.83691	-1.63311	64.3872
-0.419376	0.476176	-1.35806	-1.25458	-0.52019	53.5712
-1.84113	0.483986	1.78802	-0.691617	-1.22432	64.5419
0.631551	-0.092714	-1.13705	-0.728865	0.35539	48.6351
-1.22418	1.72304	-1.31567	1.65909	1.8921	63.955
0.255648	0.802729	1.98989	-0.132268	0.636664	53.7838
1.53506	0.869928	-0.869897	0.355484	-0.0566767	48.4894
-1.59116	0.0717747	1.87064	-0.884223	0.245477	50.3739
1.22259	1.68986	-0.436095	0.855956	1.70693	57.1859
-0.602578	-1.4707	0.141367	1.87494	-1.45361	57.7898
0.104265	-1.60267	1.18391	-0.941588	0.453248	57.4344
0.791299	-1.74019	1.91611	-0.523333	-1.51318	65.0732
0.36588	0.347471	-1.29458	0.0227781	0.126823	49.7041
-0.17538	0.475697	0.228916	-1.30307	1.72862	58.6543
-0.976815	1.98722	-0.144592	-0.656846	-0.60704	56.6359
-1.495	1.09058	-0.90078	0.0761588	-1.96925	55.5957
-0.263375	-0.495499	0.583913	-1.29403	-1.45259	58.1934
1.11111	-0.363847	-0.590129	-1.65928	1.88238	57.3751
-1.19082	0.412314	-0.9187	1.42762	0.115236	58.0465
-1.32376	1.78108	0.0730213	-1.10586	-0.674913	60.083
-1.92358	1.48441	1.39926	0.0797957	1.87686	60.1057
-0.043682	-0.560436	-1.90567	-1.07484	-0.730258	56.1654
0.918966	0.21729	0.189896	-1.71971	1.90387	59.3101
0.11673	-0.383456	-0.838644	0.222696	1.19487	53.8684
1.2458	-0.905332	1.30471	-0.949488	-0.880275	56.7657
1.1049	-0.419827	0.303079	1.2054	1.56777	51.9308
0.88641	-1.19845	-1.6148	-0.863387	0.351225	53.6559
0.0276413	1.49193	-1.99388	-1.20211	1.13448	58.1284
1.51348	1.48646	-1.84978	1.31338	-1.42716	66.3059
-1.9723	-1.83407	1.30899	-0.145992	-1.935	58.2779
-1.39765	1.60554	1.02887	-1.12195	-1.59321	56.4981
-1.89243	1.37888	0.49733	0.388499	-1.44067	61.202
-1.41702	1.10762	0.234712	0.247679	1.40792	55.0244
0.322237	0.240466	-1.20095	-1.51085	-0.599702	55.0067
0.371782	-0.621795	0.619341	1.11359	1.33283	58.6026
-1.90258	0.35265	0.373752	-1.68886	0.300382	63.2164
0.630352	-1.33844	-0.87902	0.425376	-1.57717	61.3659
1.74561	-0.312402	-0.219489	-0.230065	0.628209	54.4274
1.11096	1.41861	-1.70936	1.41023	-1.32312	58.4768
-0.0265136	-1.49776	1.4295	-0.603975	-0.256809	56.4723
-0.801971	-1.06136	-1.71456	0.936447	-1.1801	51.8756
1.34586	-1.85385	1.93185	-0.100865	-1.78801	61.3985
1.0064	1.81056	0.0388971	0.879995	0.0720441	50.5919
1.19687	1.68813	-0.979202	1.18141	0.422413	56.3409
-0.731306	-0.472642	1.85072	-1.796	1.91566	60.4419
1.55272	1.79685	0.371286	1.64275	1.12697	59.1872
-1.5344	1.46729	-0.711065	1.28561	1.67879	64.83
-1.72764	0.0398093	1.90355	-1.18952	1.43768	61.3542
-1.10916	0.0117068	0.151402	1.28945	1.72426	55.0225
-1.44059	1.2104	-1.79561	-1.33421	1.21779	58.3044
1.01659	0.86654	0.308622	1.38186	-0.712625	49.1068
-1.08027	-1.01632	0.344608	1.78387	1.1158	53.9329
-1.75075	1.56075	-0.56094	-0.726595	-1.8448	58.1242
-1.8493	-0.695932	-1.87914	1.34271	1.0007	55.2847
0.375804	1.41714	1.68968	1.23771	-1.07836	55.1678
-0.752836	1.94448	-1.23691	1.84033	1.4277	56.9867
1.6061	1.75602	1.0207	-0.798992	-0.818627	62.1836
-0.175944	-1.92304	1.7361	-0.0712282	1.05666	54.7791
0.834486	1.47963	-1.59494	-0.129755	-1.82535	60.1285
-0.067885	0.672057	-0.1072	1.63233	-0.822855	53.3478
-1.84113	1.11382	0.787698	-0.0723965	0.302346	49.5139
1.30523	0.393033	0.628467	0.089543	-1.57678	61.6956
-1.14751	-1.70032	0.100537	-0.615158	-1.95869	58.2578
1.54539	-0.43953	-1.51513	1.19693	0.965128	62.939
-1.65415	0.54931	-0.795337	0.0281029	0.0938197	56.8195
1.67591	0.739494	-1.80543	-0.257001	0.290697	57.8085
0.236407	-1.87746	-1.43648	0.391565	1.7843	60.2589
1.14902	-1.56687	0.800656	-0.977682	-1.41649	53.8256
-1.69176	1.12811	0.122941	1.97391	1.5481	57.5785
1.42829	-1.65543	1.62635	0.54259	-0.01785	63.4431
1.82483	-0.540775	1.05549	-1.01323	1.68733	58.1476
-0.334696	-0.0912984	-1.31526	-0.236353	1.39079	56.7783
-0.527582	-1.64028	-1.87771	-1.16055	0.493549	55.8862
0.145174	-1.87727	0.586715	1.33838	0.593802	56.9178
1.37446	1.36231	0.703714	-0.2781	0.463673	53.3097
1.92563	0.795504	1.67792	-0.558416	0.120688	60.37
-1.52555	-0.0412801	1.80156	-0.851463	0.771987	60.3341
-0.0706377	-1.96306	-1.51574	1.76945	-1.99064	62.4733
0.527289	-0.612024	-0.861491	1.53076	1.24741	61.9512
0.495549	-0.357214	-0.876727	-0.258384	-0.01917	51.1776
-0.0295355	0.79758	-0.0564087	-1.66212	0.0768314	52.3573
0.634547	-1.62174	-0.190278	0.592758	-0.398967	52.8636
0.948562	0.9184	-1.19685	1.21887	-1.90366	58.9796
-1.44054	1.07601	-1.15349	-0.394916	-0.252275	60.0157
0.3482	1.88217	0.694415	1.1419	1.30292	59.8798
1.59209	-0.174454	1.86989	1.25859	0.386462	63.5485
0.807654	-1.20365	-1.01658	0.791078	-0.746008	52.4506
-1.34448	-1.37353	-1.44406	1.63482	-0.630842	68.007
1.64064	-1.91174	-0.366775	0.481461	1.73308	57.5933
-1.90457	-1.92267	-0.430018	0.616594	1.89234	60.6288
1.02109	1.36618	1.06777	-1.38383	0.360732	57.3703
0.940224	-1.12065	-1.61805	1.76686	0.278858	54.2573
-0.021106	-1.40833	-1.81434	-0.614232	0.562593	61.6686
1.6264	0.361461	0.0367045	1.75283	-1.57824	56.0015
-1.38633	-1.59479	0.16049	-0.296544	1.69602	56.1703
0.694675	-0.426914	-0.438553	-0.461572	-1.23284	55.6169
-1.26653	0.79389	1.25381	-0.499402	0.217037	59.6803
0.386159	1.06524	-1.91906	-1.62679	0.609496	60.7573
1.80862	1.51991	1.33592	-1.35672	1.56295	63.6964
0.887514	1.29365	-1.35737	1.85251	-0.821853	59.2344
1.26629	1.66629	0.563063	0.412512	-1.05653	57.4253
1.1179	0.12979	0.656299	0.285826	-1.33239	57.1425
1.85454	-1.39996	-0.182593	0.0867793	-0.639769	60.408
-1.37237	1.05475	1.85996	-1.29625	-1.44797	66.0349
-1.00115	0.359903	0.866421	-0.423088	0.316517	55.0432
0.119126	-1.24595	0.399968	-1.07297	0.0191655	52.0602
0.82553	0.584645	-0.00755134	0.954327	0.621473	50.4601
1.98672	-1.81761	-1.39211	-1.2699	0.471841	65.1936
1.37959	1.21425	-0.731012	1.33734	1.21663	53.4683
0.590456	1.65024	0.411773	-1.72045	-0.0446625	61.7462
-0.122743	-0.0741947	1.18055	1.97221	-1.19987	53.416
0.282439	-1.30163	1.61437	1.38286	0.153562	52.5631
-1.04275	-1.68761	-0.601037	0.978724	0.883844	54.5224
0.370781	1.50606	-1.71782	0.166184	-0.665218	62.3378
0.871059	-0.395283	1.12106	0.87129	1.11282	56.786
0.793006	0.861511	1.32236	-1.0503	-1.05002	55.0694
0.995793	1.17459	0.452229	-1.42309	0.00094785	58.3047
0.489984	0.178041	-0.114348	0.728923	0.279536	48.9784
-0.237334	1.45138	1.95398	-1.8014	0.345179	57.7212
0.92554	-0.271182	1.99523	-1.49911	0.0514796	56.0081
-1.13077	-0.893054	-1.64066	-1.79733	-0.747933	56.2994
1.87982	1.14939	0.56285	1.92468	1.12158	62.1945
-0.558374	-1.5726	-1.3946	1.54242	-1.70608	60.6827
-1.49067	-1.69786	-0.922444	-0.0457217	0.439935	58.2552
-1.7118	-1.22811	-0.256824	-1.09617	-0.566104	61.3257
-0.896269	1.98421	-1.09387	-0.30398	1.32324	60.4109
-0.946689	1.28906	0.173577	1.36399	-0.433877	51.7421
-1.04275	0.711265	0.845399	0.0827182	-1.43805	54.7473
1.7285	1.95838	1.33817	1.33791	-1.84333	61.5636
-0.568499	0.248503	-0.298612	-0.204921	-1.65721	56.3756
0.655067	-1.60472	-1.0428	-1.88193	0.133392	59.4657
1.82624	-0.619539	-1.48362	0.0290693	0.90918	57.3111
0.484937	0.452862	-1.64403	-1.22625	0.589909	61.1734
0.978441	1.20723	-0.531346	1.38587	-0.985362	58.926
0.632358	-0.161947	-1.61162	-1.90246	-1.25527	57.1788
1.70157	-1.01012	-0.723215	1.63732	-0.98324	57.2113
-0.807964	-0.849092	1.16098	0.115119	-0.328689	48.032
-0.832914	-1.5169	1.44355	1.10603	1.01102	58.1142
0.157252	1.73445	-0.849539	0.945148	0.105788	53.9684
-0.242725	1.78585	0.909396	-1.65812	-0.577513	62.0743
-0.488675	-1.94568	0.0860229	-0.857039	1.66288	61.1569
1.25448	0.206252	1.80212	0.65186	-1.14194	55.9782
-0.204601	-0.268869	0.0283899	1.18771	1.55746	53.8917
-1.08603	1.80949	0.758762	-0.230727	-0.539926	53.2962
1.7709	-1.11912	-0.932236	-1.35758	1.76952	57.1919
0.350349	-1.06799	-1.69619	1.38432	-1.48365	60.0111
-1.73661	-0.520012	-1.91385	0.934814	0.0914176	55.7306
0.215875	1.52205	-1.17382	1.76426	-1.30885	62.7051
-1.40138	-0.212089	1.17828	-1.27627	1.99412	58.3102
-0.286149	-0.862602	-0.180103	-0.509905	1.63626	54.5992
1.01584	1.0842	-1.81055	-1.60732	-0.908993	55.4737
-0.621279	-0.803809	-0.975571	-1.75027	1.51905	61.7919
0.0275391	0.276368	-1.56025	-0.0106086	1.97804	58.9087
-1.16335	0.752636	0.086162	-0.915938	1.93555	52.8048
0.2589	1.11072	-1.56277	-1.42974	-0.908333	61.4403
-0.682654	-0.257908	0.972976	-1.57968	1.37291	60.3237
-0.596659	1.76878	1.15942	-1.9498	1.05266	54.5263
0.428585	1.14002	-0.6511	-1.60264	0.631292	61.2017
-1.17888	-0.236079	-0.205994	1.45311	0.0199279	49.0781
1.3807	0.254697	-1.53826	-1.25179	-1.12568	57.6293
1.12364	-0.248693	-0.332081	-0.473403	1.72131	54.4477
0.482495	-0.914802	0.230433	-0.359407	-1.39117	51.3318
-1.98492	-0.368987	-0.251408	1.97691	0.43636	60.7558
-0.662237	-0.640303	1.56219	-1.42556	1.34793	60.6924
0.370092	1.07191	-0.939991	-0.296216	1.41268	52.0781
0.873695	1.68205	1.53471	-0.790494	0.994839	61.5605
0.911092	-1.2328	-1.34287	1.93961	-1.79473	54.7632
-1.55835	-0.930633	0.62585	-0.519869	1.3904	54.8813
-1.2982	-1.3786	-1.74466	-1.0813	-1.64623	66.202
1.26881	-0.905135	1.00605	0.501786	0.606658	54.1359
0.0121918	-1.78912	-1.28602	-0.371196	1.80101	54.7156
1.28895	-1.67245	-1.35276	-0.519024	1.63201	60.3356
-0.698218	1.3823	1.56409	-1.31528	0.207988	62.8456
-0.696576	-0.664893	-0.835288	-1.47146	-1.84657	61.9981
1.95464	1.40618	-0.967992	-0.554512	1.98934	55.6473
0.931515	-1.23103	-0.0127585	-1.02601	1.60639	53.2522
-1.57314	1.38195	1.35604	0.134429	-1.54837	63.0161
-0.788358	1.66738	1.22289	-0.134318	-1.5668	61.169
1.56075	-1.2495	0.159775	-1.65079	0.291633	52.8375
0.137042	-1.33495	0.798142	-1.35946	1.5189	57.2023
0.447108	-0.355986	-1.2294	-1.01331	-0.0317855	47.6142
0.978792	-0.365182	-1.27526	-1.01827	-1.12411	51.0171
-0.722643	0.870214	-1.16981	1.6324	-1.02651	52.3036
1.8224	0.588293	-1.216	0.584236	1.08041	60.8202
0.780485	-0.325269	-1.41843	-1.39561	-0.913527	56.0165
0.788257	-0.507907	1.48319	0.765153	0.439055	58.7028
-1.43305	1.48487	-0.975933	-1.68823	1.87244	65.8998
-1.98429	0.66718	-1.83212	-0.0823885	-1.84659	63.4233
-0.108944	0.424945	-0.883731	0.566802	0.845212	49.6612
-1.95335	0.0820449	-1.64326	0.0137485	0.439174	53.7781
1.61937	1.44901	-1.25075	1.18607	-0.154961	54.3579
0.733179	0.726166	-0.428807	0.535828	-0.913556	53.6454
1.58356	0.106869	0.646601	-0.50032	1.7666	56.1549
1.73587	-1.18959	1.57959	0.859669	1.32979	64.0623
-0.650706	-0.996584	0.104398	1.95851	-0.631529	53.082
1.19833	-0.649111	-1.48282	0.813484	0.631135	56.6746
1.11538	1.77245	-0.975916	-0.101293	1.23653	52.4876
1.79952	-1.38271	-0.522183	-0.579512	1.81775	65.219
0.482829	-1.59977	-0.242612	1.0361	0.318754	53.5714
1.18607	-0.663375	0.629344	-1.48568	1.84279	60.879
-1.97568	-1.13871	0.13855	-0.830173	-0.0317122	47.4747
-1.75038	-1.36075	-1.14922	0.459998	-0.512189	62.8333
1.34286	0.561086	-1.67655	1.44773	0.374842	61.3491
1.67197	-1.36753	-0.23184	1.0825	0.923408	51.5374
1.29165	-0.959065	-0.881668	-0.071579	-1.86591	58.6874
-0.683135	-0.33925	1.51417	-0.789492	1.61393	58.5472
0.856016	-0.468237	0.547799	-1.11344	0.663054	56.1724
-1.76703	0.759692	1.23664	-0.447036	0.490729	52.7725
-1.07699	1.96434	-1.09268	-1.57894	1.23011	57.1125
0.455351	0.270209	1.06535	-1.72652	1.29557	53.2743
-1.80163	0.00129623	1.85385	0.226463	1.79744	53.5659
-0.545221	0.0728544	1.33373	-1.08598	1.40376	60.2223
-0.0922157	1.7298	-1.32797	1.55705	-0.89134	52.6926
-1.52728	-1.6597	-0.249195	1.03733	1.95194	64.3958
1.81714	0.257569	1.81145	-0.798581	0.0845129	53.7314
1.07534	1.65725	-1.10995	1.15831	-1.44192	54.9429
-0.0315573	-1.26538	-0.390867	-1.29753	1.06668	52.2317
-0.0525417	-1.90815	-0.79104	-0.433881	-0.17784	52.9273
-1.15818	-0.939252	1.93501	-1.51264	-1.91421	55.4908
-1.61857	1.96575	-1.68992	-0.532742	1.71361	63.2534
-1.44296	0.492449	-1.15248	-0.0489909	1.97814	54.7055
-0.371432	-0.157109	1.55084	-1.01023	-0.869343	58.0543
-0.107933	-1.35693	-1.49575	0.707206	-1.5199	64.3118
-0.883884	1.51105	1.81581	0.261029	-1.25599	57.9646
0.564645	-0.437756	0.253232	1.46481	-0.718118	53.4603
1.30601	0.104849	-1.17013	1.79354	-1.69609	58.3144
0.915734	-0.0804746	0.406221	0.185502	0.0026413	48.7438
-1.36441	-0.573721	0.0843397	0.921678	1.5782	61.2894
-1.30012	-0.269941	0.144581	-1.75748	1.47226	57.22
0.988459	1.69938	-1.22741	-0.383775	-1.57674	54.1049
0.665094	0.778792	0.652787	1.88143	-1.58885	63.8244
0.153887	-0.377078	0.370133	-1.59192	-1.9429	57.347
-0.34571	-1.51072	-0.016292	1.42484	0.63581	51.8275
-0.265887	1.69835	-0.585736	1.15281	1.23195	51.629
-1.29536	0.627667	-0.230053	-0.711458	-1.48765	56.9323
-0.900047	-1.19153	0.625873	0.861562	-0.894708	49.652
-1.17141	1.9794	-1.97106	-0.31976	-1.65589	65.3964
-0.121724	1.57526	-0.177519	1.30617	-1.02422	59.2622
-0.525709	-1.52414	-0.237644	-1.2697	1.21665	59.864
1.03324	-0.809223	-1.14871	-1.57051	-0.861292	54.5739
-0.564542	-0.31873	1.56206	0.0762796	1.80442	58.8767
-0.527258	-0.553013	-0.677477	-1.38642	-1.43471	55.5228
1.86227	0.393993	1.36536	0.849121	1.02742	61.0162
-1.24354	1.86461	1.01869	-1.40513	0.129915	57.6317
-1.26138	-1.63288	-1.9204	-0.682601	-1.09954	64.4033
0.512661	-1.14532	1.99998	-1.63389	1.99005	60.0332
1.40454	0.131617	-1.2911	-0.814065	-0.644623	60.3446
0.255213	-1.24496	-1.99092	1.44169	0.794219	61.4272
1.69993	1.49979	1.17049	-1.47644	0.0230477	62.4955
0.236526	-1.55841	1.92119	-0.391051	-0.497964	53.6544
-0.293041	-1.84138	-0.445189	1.10495	0.935508	58.5577
-0.308743	0.219967	-0.528348	1.12718	0.694228	53.5084
-0.403052	0.89741	-1.48992	-1.33827	0.411951	55.8182
-1.37328	0.349293	0.102434	-0.673347	0.438857	53.4476
-0.159143	-0.375434	0.337722	-1.77905	1.1892	50.0478
-1.18611	-0.629954	-0.886548	-0.732174	1.88022	57.8035
0.390988	-1.05866	-1.6508	-0.334466	-0.589031	53.4248
-1.25454	1.46765	-1.04467	1.2729	-0.112578	51.9708
-0.812591	0.36465	1.64531	-0.318293	0.0166409	53.9112
-1.86003	0.211704	-1.77081	1.8365	1.48285	67.2341
0.0739	1.54079	-0.44577	1.16558	0.722345	55.1413
1.30999	-1.2667	-1.9267	0.434073	1.75956	59.5347
-1.03539	1.82449	-0.209466	-0.586836	0.213768	51.634
1.91219	0.134728	1.36001	0.475138	0.267103	52.6773
-1.72672	-1.28424	0.979191	0.771933	-0.910256	56.5073
1.12105	-0.116781	0.047853	0.368184	-1.96726	48.3491
-1.12973	-0.112535	-0.671938	-0.51187	0.83371	56.3951
1.87599	-0.244005	-1.21542	1.00081	0.813904	52.1901
-0.71441	0.644772	0.838177	-1.85427	-1.00234	56.4153
0.170562	1.34749	1.09531	1.62985	1.36777	57.6195
-0.981969	-0.991961	-0.917285	0.201664	-1.48902	57.6455
0.949201	-0.848296	-1.6652	-1.60988	-0.379673	60.4876
1.69593	0.142912	-0.819046	-1.11407	-0.425818	54.9631
1.62204	1.61882	-0.303238	0.640736	1.31595	59.0987
0.706608	0.448297	-1.90391	1.57365	0.27061	60.6242
0.982982	0.280254	-0.151978	0.544209	1.94605	51.6352
0.144611	0.319047	-1.45546	-0.316091	0.3646	57.5616
-1.32909	0.821761	-1.38303	-0.625798	0.60061	56.826
1.57049	0.00671397	0.951358	1.16975	0.589349	54.4013
-0.183681	0.176146	0.876501	0.784317	-1.46716	54.3835
1.71804	-0.597955	-1.31282	-1.37513	1.66371	65.4316
0.862166	0.533152	-1.33213	-0.637466	0.792119	50.0937
-1.3103	0.69863	-1.82777	-0.775783	-1.007	59.0299
-1.02963	0.804847	1.7644	-1.28359	-0.348398	58.2069
-1.2202	0.697477	1.0585	1.30881	-1.54908	53.1089
-1.89924	0.243506	0.407036	0.783389	-1.4088	62.1842
0.105858	1.04736	-0.0841548	-0.0375404	1.36123	53.5368
0.319767	1.93447	-1.4277	0.808783	0.669429	55.79
-0.828535	-0.0972753	1.26957	-0.102681	-0.641065	54.99
-0.833295	-1.41659	-1.56745	-0.144266	1.62888	55.6318
-0.696768	-1.43796	1.13298	1.06663	-0.326165	55.7624
-1.47354	-1.83346	1.13496	-0.564208	1.89783	55.8292
0.0176148	0.292682	-1.97691	-1.78015	-1.02804	50.3491
0.976897	0.298973	-0.930428	-0.696965	0.827292	47.753
0.450683	-1.32488	1.03953	-0.312253	0.81105	57.492
0.123142	0.203321	-0.948108	1.03662	-1.92483	56.5918
-0.397601	0.749503	-1.44988	-0.578656	-1.04804	56.4941
0.963871	-1.20445	-0.0265625	-0.998473	0.853749	50.2569
1.50591	-1.78818	-1.09587	-1.47767	1.9372	56.9726
-0.713916	-1.08808	-1.07034	-1.988	0.677079	50.7519
-1.23194	-1.21686	0.00635661	-1.13974	-0.0976615	55.6541
-1.61534	1.9273	1.54457	0.444528	1.02589	62.5467
0.252335	-1.75259	-1.86791	-1.8903	0.523763	55.8117
-0.270723	-1.69176	-1.4971	-0.746779	-1.78739	59
-0.70624	-1.67349	-1.59913	1.99292	1.11923	60.2869
0.971538	-1.98212	1.21407	0.237485	-1.5315	52.853
0.776977	-0.300738	0.0143283	1.72355	-0.821153	55.8822
1.17491	0.258664	-1.26935	0.519085	1.02375	54.1012
-0.451931	-0.185317	0.654368	0.967708	-1.44808	49.8614
0.267806	1.50408	-1.57572	-1.43067	-0.65485	62.5851
-1.72061	0.357661	1.14305	-0.69917	1.08721	56.2704
1.47696	-0.95405	1.50471	-1.26134	0.915802	62.0855
1.38632	1.69656	1.36576	-0.903309	-1.84721	63.699
0.679471	0.456526	-1.36826	0.936319	-0.543926	53.0329
-0.690626	0.648076	-0.203776	-0.691337	-0.505506	53.7073
-0.614003	-1.22192	0.224829	-1.19542	-0.905193	53.4262
-1.14579	0.281934	1.44693	-0.607065	0.0984587	57.0852
1.23662	-1.71693	-0.655578	-1.76569	1.05795	64.0836
0.426226	-1.81276	0.966675	0.920258	1.14168	57.853
-0.478808	-1.49717	-1.17722	0.224424	-1.32841	57.5341
1.1814	0.254726	1.10556	-1.90011	-0.0052959	53.3084
0.575408	1.82653	1.99858	1.97548	-0.14047	55.8247
-1.58116	-0.518832	-0.557849	-0.0871929	1.27863	58.5541
-1.80543	-0.605055	0.604442	-0.283691	1.58968	61.2509
1.55998	-0.0394163	0.437312	-0.918814	1.64072	60.216
0.620387	0.765206	0.358418	-1.75849	-0.652496	60.3483
-1.16344	1.44271	-0.626294	1.37414	-1.00969	56.9843
-1.5949	-1.94984	-1.41026	-1.75188	1.28135	58.835
0.729099	1.73722	-1.7177	-0.00200478	-0.383914	59.078
0.48016	-1.21187	-1.05505	-1.03243	0.233499	51.6108
-1.29043	-0.39037	1.19672	-1.49066	0.0124386	57.2914
-0.194215	-1.15958	-0.546021	1.11556	0.755853	54.9003
1.88616	0.21248	-1.86266	-0.677503	0.869007	56.4077
0.467461	1.09035	1.13067	-1.26075	-1.53561	54.274
1.10139	0.223407	0.748402	0.150766	1.73507	49.1335
-1.73108	1.15806	-1.82154	-0.266602	-0.290931	60.7465
1.32101	-1.54765	-0.70591	1.73545	-1.80494	59.8287
0.479539	1.77497	-1.66549	0.286927	0.666315	60.517
1.65693	1.27782	-1.72816	-0.560391	-1.17087	57.3461
0.314404	1.31165	0.905279	-1.2128	-0.0835211	53.4927
1.89425	0.734372	1.29249	1.05956	1.47565	60.4923
1.86997	-0.0148984	1.67114	1.75701	0.978681	54.6093
-0.515765	1.57305	1.10329	-1.75781	0.142847	59.79
-0.0259639	-0.529719	-0.23437	1.41663	-0.835604	56.4903
0.130722	1.72234	-0.720789	0.12747	1.41919	57.6008
0.61522	-1.25969	1.29454	-1.27043	0.317751	60.4023
0.867154	0.0739964	-1.08829	-0.36066	-1.0587	51.495
-0.217201	-1.56407	-1.79758	0.855543	0.36519	57.6282
-1.90315	-0.958615	1.08214	-1.86524	0.695771	59.5248
0.908543	-1.81453	-1.28768	0.673289	0.918097	53.9961
1.51572	-0.363163	-0.130883	1.23306	-0.0193328	57.6041
-1.34994	0.708395	1.16633	-0.669315	1.61734	58.3182
-1.60255	1.54664	1.60874	0.467578	1.5784	64.6511
-1.60657	-1.187	0.822039	-0.186097	-0.871263	54.3395
0.103573	-1.25681	1.44492	-0.321628	-1.658	61.1618
-1.11692	0.701068	-0.504113	-1.00822	-0.38668	58.2908
1.42331	1.80062	0.809689	-0.854375	1.13012	56.844
1.62604	1.0821	0.141369	0.523186	1.47705	62.6436
-1.69541	0.0640127	1.98385	1.44544	0.91934	55.3256
-0.999382	-1.02375	1.67657	0.124017	-1.21453	54.4107
-0.0107578	0.302888	1.0977	-0.152738	1.7046	55.5912
0.678604	-1.86951	-0.431254	-1.25295	-0.802272	58.979
-0.661215	0.0378686	-1.4039	-0.10672	1.05912	54.8185
0.693623	1.85779	1.30061	-1.18707	1.7393	54.3937
-1.94251	-1.10405	-0.39651	-1.30692	-0.400466	59.5352
-1.29794	-0.814869	-1.79992	0.979791	1.28188	56.4205
-1.9758	-0.46046	-1.67289	1.94186	1.99892	58.138
-0.217579	0.883527	-1.18003	-1.53177	0.829085	54.3857
0.770682	-0.611776	-1.08831	-1.66738	-0.888047	50.8196
-1.98627	-1.28112	0.943017	0.0721896	1.58729	60.6493
0.811156	0.0620908	-0.0846143	-0.473455	-0.420288	50.7714
0.953747	-0.348809	-0.136663	-1.48949	-1.26663	55.4947
-1.53678	-0.557859	0.00245571	1.93749	-1.40053	59.1835
0.552095	0.857105	-0.498945	0.403297	-1.64902	54.0623
-0.0252685	0.294328	0.44038	-0.696524	1.11174	53.8581
1.23937	0.336385	-1.26225	1.08128	-1.75231	56.5507
0.676485	0.243726	-0.576951	1.03271	0.490042	54.0019
-1.21686	1.82445	1.36804	0.751608	0.087533	60.9215
-0.407637	-1.02919	-0.116682	-0.22334	0.674614	51.1434
0.475318	1.01796	-1.49875	-0.88417	1.46162	52.4572
1.15717	0.423925	1.53147	-1.98779	-0.415892	59.1727
-1.40676	0.745912	-1.55105	-1.1975	1.32386	64.864
1.47481	-1.95094	0.608635	-1.32531	-1.53168	63.9547
1.27554	-1.2358	0.1819	0.212713	-1.8882	53.7945
-1.80641	-0.476438	0.236664	-1.68399	0.951958	55.5758
0.658444	-0.656882	0.138731	-0.59604	1.96679	60.3922
1.5456	-1.16572	0.403033	-0.219896	-0.866793	55.1263
1.84243	-1.48918	0.384327	1.75356	-1.25318	63.4473
-1.81408	1.86692	-0.702204	-1.98238	0.650952	62.8635
0.153734	0.923438	-1.01597	0.956071	0.393958	47.8341
1.60528	0.395596	-0.0635738	-1.55088	-1.27385	56.7685
-0.750526	-0.280586	0.512183	0.749574	-1.46379	50.7512
-0.991893	1.43861	1.18899	-0.742881	0.131278	51.2583
-1.12276	0.7227	-0.810569	-1.48751	-1.94476	57.5735
-1.08078	0.690934	-0.0364384	0.970186	-0.346293	53.3496
-1.40192	0.730745	0.349555	-1.24605	-1.19751	56.7818
1.38094	0.331376	-0.471229	-0.372242	-0.823744	57.7302
0.729533	1.45989	-0.712178	1.6693	-0.679405	63.3589
1.807	1.32366	1.58735	0.244463	0.400771	63.0526
0.0793164	-1.73663	-0.791078	-0.310151	-1.74388	53.8973
1.05486	-0.174389	0.37851	-1.72646	1.07119	50.7452
-1.4479	-0.866844	1.74359	-0.586019	-0.0513614	53.6372
0.784458	-0.268534	1.24057	-0.569923	-0.496393	50.1811
-1.46243	-0.718787	-0.434918	0.613778	0.394245	53.5835
1.53749	1.32963	0.804313	-0.736771	-1.21522	55.4707
1.23059	0.0720914	1.25015	-0.806594	-0.209493	50.0709
-0.28715	1.14829	-1.57849	-0.858865	-0.315988	56.6672
-1.00113	-1.64069	-1.47547	-1.35857	1.30258	57.3312
0.884352	0.965012	-0.83401	1.61443	0.470032	52.0068
1.84997	-0.884258	-0.334539	1.4756	-0.0791783	52.4344
-0.72762	0.6972	0.0355137	1.78344	0.664408	54.4332
0.160775	0.951888	-0.487469	-0.592523	-0.266868	52.0439
0.0534639	-1.78386	0.245614	1.9459	1.67317	58.7517
-1.65947	-1.87288	-1.27487	0.466083	-1.00315	54.3578
1.12613	-1.46131	-0.967586	-1.23063	0.641475	51.5786
1.73111	1.97124	0.488524	0.113555	-0.564523	56.0153
1.46744	0.998586	1.86032	1.00363	-0.710347	58.9787
0.140473	-0.573905	1.3601	1.25616	-1.76607	53.6896
-0.61018	-0.959253	0.256567	-0.55766	-1.3524	53.2306
0.815809	-1.87146	-1.40156	-1.8549	1.96972	64.0433
-0.436694	-0.199042	-0.609414	-0.813593	-0.577165	52.9378
1.73745	1.6421	-1.43876	-0.513578	-0.314231	59.3346
-1.32511	1.04586	1.26243	-1.87414	1.60236	54.7767
1.01996	0.900193	1.975	0.1107	0.246007	52.7642
0.822761	1.88126	-0.962145	0.259389	-1.48797	55.205
-1.80281	-1.61816	0.224129	-0.069587	0.079928	57.6606
-1.27068	-1.50801	-1.50748	-1.39019	1.06105	61.1907
-0.61872	-1.77129	0.0279762	1.69424	1.64511	57.8799
-0.638104	1.44277	0.619658	-0.032044	-0.387482	51.2593
1.11579	0.69383	0.282549	-0.130954	-1.63524	51.0226
1.65085	0.477382	0.762819	0.939239	0.832661	59.5935
0.520462	0.618852	0.909792	-1.76268	-1.39339	55.7918
1.96527	-0.398283	0.0590266	0.722338	0.213357	57.7052
0.644186	0.0340057	-0.491568	0.213087	1.31818	52.1993
1.37646	0.743995	-1.72772	0.901668	1.9978	59.9063
1.81466	-0.271616	0.282442	0.38065	0.783035	56.8598
1.49283	-1.08393	-0.179837	-1.85481	-0.589404	54.8794
-1.76785	0.556537	1.23005	-1.69764	1.70658	64.517
-0.710608	0.762383	1.92842	-1.57583	-1.79993	65.2047
0.569976	0.179397	-1.73597	-1.96471	0.206852	55.462
-1.38599	-0.714884	1.98622	-1.70092	0.654527	59.9381
1.78021	-0.0936873	-1.27699	-0.54663	-1.42029	57.5265
1.60265	-0.951695	1.80498	-1.60082	0.93849	54.7966
1.16428	1.86297	-1.45306	0.516156	1.34854	61.5977
1.99015	1.31635	-1.22069	1.55839	1.91925	65.0819
0.394574	-1.96996	-0.564378	1.64379	-0.43954	54.1663
0.110791	-0.26361	-0.298959	-0.395469	1.7856	55.3181
1.31466	-0.0602457	1.59179	1.10367	-1.38926	61.7287
-0.144489	-0.677394	-0.583496	-1.89624	-1.07966	52.416
0.0686852	0.423554	-1.67243	0.33873	-0.323228	53.5279
-1.66477	-1.97341	1.08891	-0.640379	1.97598	59.2795
-1.48478	-1.81592	-1.03114	-0.838187	-1.46031	57.0772
-1.12835	-0.61113	-1.03515	1.80737	-1.48166	61.3941
-0.680532	0.912008	-0.00497491	0.152938	0.0578217	48.3864
1.76647	1.17061	0.862061	1.16058	1.20772	59.3761
-1.42543	-1.50005	0.712535	0.422141	-1.63759	55.7892
-1.94479	1.27316	-0.285403	-0.0790711	1.86741	61.3997
0.291196	-0.39465	0.87584	-0.698314	-0.824656	52.3763
0.366565	-1.2424	0.000335275	1.09506	-1.31244	52.1627
-0.603373	-0.672751	-0.372799	-0.422578	-1.00498	50.7495
1.47667	-1.02822	-1.60422	1.40325	1.46577	66.9015
0.0457541	0.375493	-1.69824	1.198	1.24509	52.944
-1.8177	0.480307	-1.61249	-0.612174	-0.425507	59.685
-0.968314	-1.44639	1.14495	-1.65637	0.6216	54.612
1.33601	-0.61659	-1.28356	1.83548	1.73445	61.8555
1.78033	-1.82547	-0.229881	1.21298	-1.68971	60.2484
-0.0763697	1.10589	1.62783	0.263769	-1.489	57.3954
1.52471	-1.68569	1.01842	-1.67076	-0.324353	61.6242
-1.5243	1.79322	1.1597	1.93656	-0.713913	64.2677
-0.908469	1.07422	1.51433	0.408194	1.18758	59.4589
-1.89688	0.387228	1.21795	-0.548822	-0.100473	53.7873
-0.925232	0.0181974	-0.109776	0.883131	-0.105016	43.6728
-1.77191	-1.76301	-1.46912	-0.89915	1.49716	63.0366
-1.0996	0.966879	0.405188	1.05608	1.15156	56.4516
1.77459	-0.997596	1.22503	-0.443165	1.2339	56.8899
-1.43121	0.633361	1.5731	-1.88253	1.4155	61.1756
-1.53726	-1.5869	-0.481247	-0.226743	0.200004	55.2674
0.780638	0.280276	-1.26445	0.861603	-1.16893	57.6193
1.62253	0.051698	-0.973792	1.99408	0.978593	52.5455
-1.13955	-1.55909	0.571126	-0.996954	0.77685	53.4521
-0.44083	1.63348	1.64692	-0.396236	-0.739594	58.7492
-1.5896	-0.59705	-1.22751	1.19525	-0.18782	53.8274
0.965493	-0.615402	-0.0861167	0.402529	-1.51998	55.6061
-0.882611	0.192738	-1.35152	1.02171	0.979613	49.5587
0.645994	-0.207573	-1.46812	-0.379335	-0.456746	52.6233
-1.20802	-0.265118	0.860901	-0.628076	-0.0961078	49.6675
0.972829	1.6737	0.0243865	1.53859	-0.236565	51.6572
0.475715	-1.29897	0.370126	-1.93288	-1.28661	57.5594
1.68447	1.78446	1.42877	-1.67806	1.04797	62.546
0.0682103	-0.751387	1.66679	0.820667	-0.291642	56.1919
0.513194	-0.640987	0.821975	-1.34972	0.497696	57.3217
0.551189	0.466045	-1.95251	1.65623	0.738756	61.5874
-1.45656	1.23019	-1.79803	1.55561	-1.99507	58.0123
0.12078	1.44818	0.329061	1.35165	-1.22656	57.8334
-1.02475	0.107017	-1.01354	-1.97511	-1.08539	54.6562
0.612309	1.25517	-0.389884	0.151767	-0.876357	51.5703
-1.06395	-0.219413	1.63224	-1.80593	-0.821303	56.0001
-0.147586	0.902868	0.928151	0.453008	0.393585	56.1139
-0.0698809	1.5829	0.937873	-1.84349	-1.29236	62.3534
0.616497	1.78488	-0.132576	1.01339	1.78019	57.5772
-1.31079	0.738708	0.110314	0.496608	1.38209	55.2864
1.73916	-0.78497	1.28957	-0.148089	1.08769	56.8102
-1.70496	1.92016	0.271955	-1.23042	-1.13276	61.1209
0.602704	0.837287	1.16125	1.94932	-1.44888	59.2206
0.413926	-0.544374	0.341641	-0.646883	1.21886	51.3925
-1.63792	1.23439	-0.783792	1.44151	-0.633326	63.9803
-1.8573	1.93475	0.163893	-1.85659	-0.565817	59.2253
1.35386	1.27975	-1.42072	-0.092472	-0.645601	54.492
1.16899	-0.0313761	-1.8071	-0.675092	0.571036	54.9515
-1.08896	1.4664	1.02338	-1.73572	0.329035	62.3602
1.83564	-0.431967	-1.03386	-0.775883	-0.205703	55.3378
1.6571	-0.609758	-0.222396	1.06392	0.0609496	51.4607
0.0275263	1.91391	-1.9389	-0.910239	-1.4886	53.8009
-0.0674821	-1.51262	0.339596	-0.438748	0.017089	49.9633
-0.792705	1.90134	-0.926298	0.255432	1.40358	56.5794
-0.666035	0.416984	-0.740233	0.536201	0.742499	56.6357
0.58448	0.755172	-0.786439	1.72226	0.153322	58.0092
0.548577	-1.35703	1.54584	-0.757878	1.99144	55.1094
1.62088	-0.18194	-0.240924	-0.645602	0.24958	58.3829
-0.859445	-0.784634	-1.67329	1.51093	-1.08419	57.3598
1.69518	1.31618	1.24846	1.32609	-1.39032	63.6746
1.98836	-0.926093	1.85401	-0.317691	1.49249	55.9198
0.648593	-0.452771	1.15708	1.56919	-0.119395	55.6165
-1.34339	0.0622589	-1.8238	-1.33806	1.76435	59.6555
-0.456219	-1.16785	0.400407	-0.0390913	1.17083	57.7012
-0.518752	1.291	-0.713917	-0.319148	-1.73695	59.266
0.282571	0.978011	1.31737	-1.71873	-1.85993	54.8648
1.26069	0.257644	-1.1269	-1.58115	1.21063	60.9212
-0.68358	0.591081	-1.5791	0.682301	0.366498	59.9719
-0.319723	1.57866	-1.69982	0.532696	-0.338433	63.1334
0.267541	-0.601711	-0.213704	0.111877	-0.224794	48.2959
-1.89843	1.90166	-0.577128	1.0038	1.78732	56.2027
-1.24963	-1.09994	1.96025	-0.672754	1.89834	53.8692
0.260147	-0.683073	1.99073	-1.80532	-1.1324	55.7733
-1.75794	-1.44392	1.97005	1.18444	0.313358	64.6826
0.18141	0.70364	-1.98037	0.839472	0.0822772	47.8988
-0.654306	-1.30289	0.253057	-1.27799	-0.771691	57.0297
0.586725	-0.409454	0.782444	1.81663	-1.29642	58.6308
-1.83903	0.819836	1.73552	-0.294176	-0.742552	57.1602
1.52789	-1.11086	1.24735	0.51609	-0.925012	61.6408
0.490529	-1.17798	-1.65469	0.455832	-0.364282	57.4511
1.18793	-0.911533	-1.16258	1.50921	-0.847687	53.0502
1.91043	-0.267228	-1.26623	1.22717	1.79272	61.3602
1.24576	0.639965	0.409769	0.899005	0.790278	49.644
-1.10788	-0.709596	-0.332221	-1.99747	0.389117	51.8157
0.803887	1.21616	0.224175	-1.26204	1.72753	56.8268
0.846098	-1.20273	-0.548839	1.00862	0.651461	53.58
-1.25593	1.16231	-0.0214145	-1.67994	-1.66631	56.8188
-0.678307	0.115911	1.54065	-1.29325	0.112523	50.3212
0.377571	0.691225	0.981232	0.0267937	-0.681992	51.5639
-0.329896	-0.834913	0.836415	-1.74533	-0.966452	57.7726
-0.495065	-0.750406	1.72551	-0.00405081	1.92136	59.0173
0.892963	0.641726	0.288337	-0.204384	1.53899	52.2964
-1.20133	0.315994	-0.439821	1.30277	-1.85701	54.159
-0.317352	-0.186418	1.84146	0.682565	1.2773	51.786
1.34168	0.292139	1.09393	-0.29322	-0.322212	49.6377
1.27719	1.45327	1.81879	0.45721	-0.0715517	60.3587
-1.99867	0.807949	-1.18109	-0.743104	1.16726	55.728
-1.0043	-1.38102	-0.85681	-0.200485	1.92522	58.6294
1.41946	-1.32636	-0.361782	-0.689031	0.832282	54.6569
1.06812	-0.630647	0.989611	-0.650507	1.0383	51.359
-0.146173	-0.329921	0.741704	0.36846	1.06322	51.6282
-0.520038	-0.113919	0.981602	-1.72528	1.66618	55.1942
0.556114	-1.59026	-1.1048	0.493452	-1.20795	56.9155
-1.9857	0.761953	-0.697106	0.442892	0.0804428	55.6194
-0.000184907	-1.22983	-0.248515	0.121209	0.342579	46.8685
1.90924	1.64988	-1.0178	-0.752495	-0.727898	61.3912
-1.31865	1.96502	-0.371527	-1.08495	0.671095	53.1161
0.467497	1.37749	1.49654	0.605648	0.953559	62.8115
0.633769	0.553936	-0.47932	-0.382168	0.503149	56.2341
0.41789	1.47443	-0.978507	0.998739	1.71744	59.6153
0.219682	1.06102	-1.29957	0.594359	0.0876171	49.2472
-0.170595	1.52188	-1.48302	1.16736	1.81702	56.8198
-1.18053	0.822647	-1.44929	-0.252946	1.26435	55.4678
-1.07745	-0.338964	0.0222991	-1.87325	-0.119136	53.5845
-1.18424	-0.130416	1.74362	-0.0773311	-1.89519	53.678
-0.0448055	-0.536382	1.39305	1.7773	-0.380767	52.9092
-0.934603	-1.23073	-0.982499	-1.45309	-1.50716	60.5439
1.56265	-1.9862	1.36023	-1.98114	-1.64907	68.2991
0.70561	-1.5493	-1.41796	-1.73357	1.02603	60.181
-0.123998	-1.91787	1.65798	1.822	0.808841	56.8256
-1.91344	1.66851	1.61731	-0.794973	1.34608	60.3032
-0.959561	0.569275	0.128801	-0.846634	0.76047	54.7509
-0.824733	-0.00706332	-1.69716	1.67039	0.468346	51.783
1.91954	-1.01419	0.229475	-1.29204	1.99102	56.5093
0.774367	-0.0727873	1.17077	1.60742	1.52678	57.7011
-0.964861	-1.15271	0.771396	1.416	0.620955	50.7384
0.0839163	0.186712	0.52759	1.96924	-1.48139	55.5767
-1.08545	-0.569913	0.625133	1.92302	-1.56063	57.058
-1.50093	-1.78763	-0.440135	-1.68896	0.40593	59.0975
-1.43429	-1.99697	-1.80778	0.288814	-0.35965	55.167
1.56431	-0.904807	1.96119	1.5406	0.0803545	57.5328
-0.307472	1.23769	0.694297	-0.430303	0.193008	54.04
0.546587	1.45675	1.9792	1.44075	-0.394699	60.6072
0.920298	0.98478	0.953348	0.811034	0.759101	54.7542
-0.877233	1.12957	0.378249	-0.27039	1.57308	52.8752
1.49037	1.39539	0.238259	-0.183241	-1.90683	60.7048
0.608595	-0.0940067	-0.232937	1.54289	1.28723	53.285
-1.08829	1.76296	-1.55587	-0.409317	1.68042	60.9775
0.652008	-1.37858	1.48939	-1.8661	0.93494	57.8259
1.50679	-1.98686	-0.614755	-1.4735	1.24136	61.3737
-0.544574	-1.62197	1.44575	1.03799	-1.94329	60.5865
0.113505	0.5966	-1.05862	-0.719839	-0.00613932	48.8191
1.23444	-0.992511	-1.17668	-1.86593	-1.38153	61.8595
-0.986693	1.1036	-1.19996	-1.08574	-1.28033	56.3632
0.253147	-0.925859	1.90668	-0.22417	1.45053	50.7733
-1.67105	0.751385	0.191533	-1.27376	1.46647	55.4813
1.24547	0.888324	-1.21066	-0.0860389	1.30514	54.5018
-0.072608	-0.337225	0.470291	-1.42004	1.55159	57.1944
0.110397	-0.906081	0.526537	1.41298	1.14087	54.0158
1.61854	-0.305117	-1.87085	-1.68382	1.59626	67.0014
-0.0611496	0.381369	0.527059	0.280105	1.39738	57.493
1.46623	1.3764	-1.40702	0.730041	-1.50703	60.6029
-0.279448	1.78188	-1.5131	1.99487	0.608658	66.1092
-0.76326	0.793346	-0.336214	-0.797312	-0.648711	57.6025
-0.335808	1.72603	0.574368	-1.57782	-0.763682	61.2017
-1.88091	-0.229729	1.63433	-1.28646	0.960874	57.3226
1.21021	-1.22429	-1.74876	-1.42372	1.34674	66.4032
1.36815	0.841864	-1.12686	1.73633	0.688291	56.6621
-0.962423	-1.70613	-0.145769	-0.853581	1.92715	56.5986
0.192356	-0.963111	-1.54826	1.29269	1.25922	53.7397
0.51804	1.35651	0.538431	-1.75068	0.121941	56.1915
0.11579	1.53718	-0.0608713	0.350254	1.95085	60.2151
0.988763	0.746763	1.84763	1.67075	1.43951	57.2794
0.694821	0.784301	1.46387	-0.490422	-0.908377	60.5671
0.403813	0.588025	-0.214327	-1.06813	-1.41595	60.0656
1.88106	0.683923	-1.55746	1.38172	-1.19012	58.9097
-1.65924	-0.870142	-1.01238	-0.418746	1.25336	56.593
0.143951	-1.3043	-1.04074	-0.823262	-0.0295391	47.7574
-0.772948	-0.903452	1.46838	1.10777	1.91859	54.568
0.176332	1.04608	1.33651	-1.88808	0.334101	57.6595
1.40902	-1.08192	-1.25903	-0.46498	1.92396	57.5985
-1.13153	1.40198	-1.54287	0.468688	1.72149	56.7962
0.991189	0.403085	-0.667202	1.82073	0.251934	57.0645
-0.05488	1.27399	-0.321224	-0.180136	-0.950874	53.4763
0.335523	-0.938765	1.74407	-0.441146	0.143352	55.2681
-0.683501	-1.03335	-0.329384	-0.800109	0.899479	47.2126
0.9865	0.495145	-0.232523	-1.16696	0.119069	55.9286
0.0949549	0.839123	-0.946043	-0.143854	-1.23741	45.6465
0.452518	1.92417	-1.25781	-1.64853	-0.385226	61.6124
1.22231	-1.31257	-1.41965	-0.469904	-0.567554	62.8666
0.547238	-0.251626	0.0382043	-0.0472976	1.53811	54.325
1.61894	1.52892	-1.75092	0.93027	-1.75071	68.404
-1.61167	0.015754	0.454704	0.251818	-1.07403	52.7902
-0.934997	1.57825	-0.138812	-0.585111	1.05525	55.1626
1.41911	0.316437	0.17786	0.297026	0.0421017	48.2105
-1.39377	1.35907	-0.137204	-0.735104	-0.509827	55.9031
-1.92683	-0.505411	1.89115	-1.22498	0.446633	64.703
0.982111	1.22724	1.31076	-1.79779	-1.26785	61.5656
1.08258	0.380338	-1.90902	-0.516529	0.738765	50.8324
1.30974	1.84445	0.810392	-1.65321	-0.570565	59.147
1.78025	-0.602532	0.578439	-1.86642	-0.375768	54.894
0.164364	-1.77976	-0.749155	1.93281	-0.695979	53.8684
-0.392132	-0.00185098	0.500637	-1.08439	0.1182	48.743
-1.68196	-0.213686	0.86163	1.9799	1.36041	60.3356
-0.962543	1.66047	0.527853	-1.8055	-1.52244	64.378
0.895214	-1.82272	1.74109	0.775609	1.82111	56.9324
0.670366	0.870362	0.534802	-1.77438	-1.45314	54.8275
1.17444	-1.59536	-1.01931	0.568661	-1.27414	53.905
1.19297	0.407082	0.715567	-0.117611	1.55779	51.555
1.54108	-0.8561	-1.77334	-1.17289	-1.03312	58.0283
-0.476696	1.74673	1.49883	0.0443796	-1.64878	58.091
-0.175436	-0.951966	0.939692	1.68329	1.36414	54.1383
-0.727346	-1.26797	-0.489814	-0.140682	1.09107	54.4318
1.43783	-1.03586	1.77217	1.0515	-1.22554	55.8705
-1.21272	-0.250301	1.89773	-1.61303	-0.242991	55.7547
-0.0902636	-1.47009	-0.140506	1.08399	-0.154191	49.9177
0.0192655	0.781774	1.40044	1.62829	0.284187	54.1551
0.436825	1.65301	-1.82053	0.968614	1.8547	55.8833
-0.291192	-1.07398	0.626947	-1.36387	-1.03942	59.2074
1.21701	1.13835	-0.201613	0.109337	0.812182	52.7201
-1.20325	0.531575	-0.440779	-1.33275	0.0469011	53.7681
-1.06912	-0.0153679	-1.84399	0.471377	1.73372	53.5783
0.17132	1.44301	-1.11376	1.53685	-1.70668	59.5758
1.9366	1.73422	1.42987	-0.740865	1.96843	67.9994
1.19588	0.571412	-1.66419	1.29577	1.60039	61.5479
1.39136	-0.635455	-0.940431	-1.75227	-0.722592	61.5016
-0.849272	-0.227943	0.159513	-1.38366	-0.393218	56.323
-1.82564	0.213475	0.751208	1.65545	0.60543	62.3219
1.08928	-0.371183	0.143626	0.849773	1.50242	53.9611
1.30657	-1.7786	-0.47191	0.537614	1.2143	54.6471
1.43818	-1.98281	0.635271	-1.0554	-0.336768	52.5986
-1.83651	0.799756	-1.58339	1.90295	-1.23411	59.5697
1.89139	-0.805594	1.94841	0.12544	0.886019	50.3209
-1.36243	-0.762398	-0.474777	-1.55072	-0.072184	54.415
1.99792	0.807821	0.929268	0.217425	1.07734	54.4375
-1.28468	-0.186188	1.06919	-1.06609	-1.91795	52.0383
0.418933	-1.35876	-0.763826	1.23797	0.202474	51.9131
-1.49216	0.944643	-1.7651	0.372032	-0.567686	54.1853
1.91048	1.40843	-0.0495314	-0.209029	1.42525	60.8327
-0.686782	-1.98998	0.190936	0.194242	0.373943	49.1683
-1.98854	0.160618	-0.0687157	1.74384	0.116002	52.277
-0.626588	0.387455	1.50182	-0.992491	-1.99417	54.1464
-0.298266	0.0795184	1.02466	1.72796	1.25353	53.2096
-1.40291	-1.49427	-0.49417	1.67968	-1.60863	68.9862
1.21845	1.73163	-1.33219	-0.759891	1.3507	59.6009
-0.526097	1.31237	-1.25817	-1.27056	1.62473	59.4921
0.960152	1.81232	1.40612	-1.38709	1.43382	61.9307
1.18767	-0.320832	1.91728	-1.98015	1.56741	64.3075
-0.396265	-0.762709	-1.93741	-1.44508	1.37445	62.9023
1.51325	0.0999419	1.71074	-1.25411	1.52803	60.5761
1.46043	-0.625269	0.282095	1.49553	1.80282	63.6714
1.16166	0.546469	-0.783167	-0.850542	-0.0663146	56.3618
0.136432	0.755462	-1.23273	-0.10243	1.04011	53.6739
0.0889735	0.696863	1.10426	-1.66507	-0.813988	57.7289
1.49614	0.679682	-0.654724	-1.13032	-1.34019	62.1106
-0.764735	0.967649	-1.17978	1.64892	0.876814	54.78
-0.660996	-1.34931	0.684276	1.91107	1.81643	58.7414
1.17127	1.73335	1.31415	1.62106	-1.10281	58.0984
-1.40245	1.46613	1.97771	-0.5833	0.361123	65.6776
1.71806	1.68874	0.498586	-0.488191	-1.92981	59.2151
-0.00602395	-0.266693	0.158772	-0.404273	-0.696596	46.9296
-1.0953	1.61092	-1.70478	0.457177	1.068	53.6596
-0.0856447	-0.278222	0.669287	1.85845	0.0430022	52.7201
-0.819913	-0.302178	-1.51004	0.756697	-0.100147	51.5238
-1.86789	0.354236	1.60251	-0.905185	1.98438	62.8432
-0.838494	0.646228	0.594731	-0.0928664	-1.86605	49.4779
1.59177	1.71563	0.553374	1.9023	0.388468	66.4166
-0.869705	-1.30512	0.982436	-0.507266	1.99303	53.5008
-0.588215	-0.717617	0.230636	1.8867	1.10086	59.458
1.86244	0.835631	-1.80289	0.937992	-1.68413	59.1227
-1.03763	-1.69958	-0.372572	0.0277419	-1.59955	52.5681
0.714993	0.131396	-1.13898	-0.137196	1.79808	53.0269
0.884927	0.488147	0.997212	-0.53568	0.39411	55.0714
1.7206	0.150627	1.24984	1.7212	1.98017	65.6339
0.594394	-0.20976	0.929702	0.75359	1.60366	57.5915
0.915957	-1.14764	-0.788156	-1.81219	0.175521	53.0236
1.47354	-1.99369	-1.39073	1.86176	-0.0680379	57.7178
-0.537991	1.54728	1.04103	-0.167115	0.983878	58.0279
-0.432985	-0.102562	1.95641	0.944845	-1.20915	54.3363
-1.05513	-0.518399	-1.17527	-0.093584	-1.86518	50.0084
-1.24292	-1.42338	-0.142824	-0.469138	-0.517443	56.8353
0.291792	-1.75729	1.76711	-0.643563	-1.85531	58.4564
-1.57841	-0.682119	1.64279	-1.58608	-1.8791	69.4906
-0.160622	0.540079	1.96563	-1.66531	-0.845089	55.3604
1.94013	-1.20815	-0.858912	-1.79224	1.4255	64.8147
-0.743221	1.4346	1.3142	-0.931837	0.659328	54.3573
1.80593	1.41296	-1.92678	-0.297421	-0.710611	56.7304
-1.4768	-1.28716	0.2264	1.87523	-0.119369	61.0466
-1.34719	1.48246	-0.244315	-1.99608	0.140608	55.0752
-0.0231075	-0.381126	-0.558822	-0.40751	-1.64886	56.5581
-0.0781203	-0.696625	0.118495	-0.632862	-1.45553	49.0993
-1.15085	1.77543	0.776207	-1.09758	-1.37073	61.125
-0.2703	1.81309	-0.146364	1.56864	-1.53351	55.6625
-0.583663	-1.39712	-0.118451	0.611161	-0.344085	51.1959
0.314979	-1.54263	0.00331506	1.73641	-1.99793	61.29
0.494875	1.7976	-1.45267	0.773115	0.517458	56.0141
-0.804194	-0.854266	0.900866	-0.266352	1.41195	49.709
-0.857416	-0.0841683	-0.206753	-1.49576	0.895856	55.4109
-0.857859	0.489833	-1.63873	-0.537503	1.71569	60.2765
1.04452	-0.0415362	1.34964	-1.71951	-1.16356	58.8906
1.46242	-0.319111	-1.58267	-0.331751	-0.0385932	57.205
-0.948964	-1.91879	1.33916	1.61703	-1.91389	58.1852
1.53388	-0.265811	1.21777	-1.9457	0.965006	61.0354
0.767462	1.57004	0.984276	0.772186	1.12864	50.4742
0.532872	0.463293	0.903825	1.06727	1.58877	52.1214
-1.57361	0.425545	-0.900786	-1.42294	1.90131	63.1631
-0.564529	-0.0510638	1.80519	-0.440457	1.18073	56.4136
-0.897423	-1.35417	-1.07018	1.8586	0.914009	55.4911
-1.22606	1.39112	0.111024	-0.955745	-1.77988	57.93
-1.64701	-1.30594	-0.653925	-0.948714	0.895179	56.3226
1.11579	-1.00323	-0.79844	1.62078	-1.68387	59.1573
0.661961	1.11698	-0.225385	1.47558	-0.585584	56.2909
-0.24347	1.49462	0.325798	-1.13608	-0.611335	50.5865
-1.83616	-1.88479	0.260855	1.76087	-0.404068	64.0021
-1.27071	1.5647	1.53308	1.72606	0.43027	65.1662
-0.761482	1.67679	0.119102	1.99016	1.51424	58.7033
-1.46402	-1.66184	-0.607293	-0.321569	0.889143	53.4679
0.0213397	-0.171987	1.28587	0.161822	0.709431	52.2217
-1.33916	-0.258147	1.82647	0.0233771	-1.05481	54.499
1.39651	0.175641	0.173596	1.40333	-1.59359	56.8958
-1.75055	0.772077	-0.568432	0.512139	1.21926	55.5858
1.05921	1.66636	-1.76161	-0.218992	-0.666739	58.4436
-0.483857	0.964922	-0.154455	-1.52982	1.84401	59.65
-0.6345	1.63045	-0.220788	-1.31005	1.4475	63.5573
-1.12294	0.926209	1.18723	-0.341141	1.20496	57.1
1.91904	-0.802708	1.22449	-0.472485	-1.90089	61.9864
0.296394	-1.26575	-0.677611	1.72387	1.01445	55.0202
-1.27848	-1.98362	-1.43663	0.759244	-1.11172	58.1417
1.97498	-1.8348	0.856827	-1.54679	1.26172	62.7258
-0.646905	1.11675	-0.825947	0.951891	-0.758828	54.3098
-0.937304	0.349395	1.40871	0.0817219	-0.582067	55.4457
-1.21418	0.865649	0.265838	0.438389	-0.730015	53.2825
0.976796	-0.0993702	0.0118607	1.79748	0.921184	50.0505
1.68128	1.34321	-1.88996	1.21288	-1.07595	65.3053
-0.825145	1.67036	0.00272185	-0.758281	0.427947	58.4296
0.537467	-0.820122	1.47317	-0.845389	0.368227	55.0698
-0.838147	-1.38277	1.94596	1.41388	-1.28629	60.41
0.371314	-1.97583	1.01853	-1.93492	-0.95	55.4345
-0.575738	1.31462	-0.983831	-0.987941	0.761772	58.6441
-0.410114	-1.61392	-1.32606	1.41723	1.42324	57.3881
0.0275219	1.23746	0.699199	-1.65756	1.05395	57.4717
0.278475	1.81105	-0.41049	-0.061001	-1.51833	56.5506
-1.98791	0.971628	0.233932	1.49433	-1.43567	63.2172
-1.13944	0.864526	1.25375	-1.23544	-1.06014	50.7331
1.32384	0.910945	-1.84651	-0.530948	-0.0545639	50.9186
0.334728	-0.46129	-0.981946	-0.849133	-0.877908	49.364
-1.60536	1.90294	1.61494	-1.93372	0.966813	67.9145
-0.0546998	0.934286	-1.21401	0.962971	0.891929	52.7516
-0.859156	-1.10718	-0.768338	1.10482	-1.82984	52.6919
-1.43459	-1.09999	-0.16737	1.48321	1.17747	57.0482
-1.7278	-1.53978	0.439837	-0.76026	-0.0531615	60.0167
-0.921692	-0.931046	-0.788856	1.84433	1.19244	50.9659
1.51342	-1.36862	-0.797578	-0.468737	-1.17308	60.0404
-0.662799	-0.434053	0.730716	-0.640983	-0.835574	57.1852
1.7957	-1.84103	1.83353	1.65053	-0.0300191	60.3684
0.313595	1.244	1.03841	0.971477	0.772256	53.5717
1.93784	-0.239847	-1.07964	1.11134	-1.66645	52.8805
1.60556	-0.748926	-0.145233	-1.7225	-0.776395	54.6426
-1.90876	-0.123108	-1.83762	-0.506489	0.0888404	55.372
-0.836743	-1.01761	0.523078	-1.72945	-1.12388	51.2963
0.37646	0.470373	1.6255	1.10981	1.58854	59.2394
0.161949	0.721902	0.0672839	-0.910614	-0.143657	48.674
-0.197369	-0.926232	1.68028	1.56305	0.927082	54.0033
-1.50562	-1.67754	-1.91686	-1.09816	-0.0514254	63.4742
-1.27486	-1.98977	0.998307	-0.171143	-0.144442	49.4019
1.50886	-1.8639	1.70466	1.82091	-1.71266	69.9036
1.30603	1.96095	-0.214733	-0.118078	-0.152926	52.9447
0.646927	0.396203	-1.73397	0.180784	1.74793	55.45
1.49118	-0.0230878	0.400101	-0.21981	1.09459	56.1036
1.49763	1.31594	-0.437784	1.7331	-1.55899	64.8544
-0.848224	0.809873	-0.721306	1.41155	1.72129	53.1152
0.385841	-1.63614	-0.511521	-0.580198	0.22326	56.5893
-0.113281	-0.360351	-1.18474	0.230654	-0.890333	46.9037
-0.129596	0.644857	-1.44794	1.08303	-0.661125	57.9568
0.472422	1.19165	-1.55328	0.551891	1.53295	56.595
-0.595474	-0.620656	-0.955754	-0.448029	1.36992	60.4281
-0.771409	1.58988	0.31017	1.48355	0.654431	55.5633
0.508525	1.12017	-1.08518	-1.64351	1.32587	57.6394
1.23219	0.98044	-0.927025	-0.996222	1.40461	54.1295
-1.67335	-0.115969	-0.780421	0.628955	1.40243	59.6604
0.284733	1.47632	-1.83311	-0.104669	-0.704806	56.324
-0.695162	-0.154184	1.26158	0.82068	0.929107	47.9756
0.497704	-1.55695	-0.571984	-0.738901	1.45273	57.1366
1.14094	0.169999	1.49662	-0.906514	0.774874	55.5065
1.48934	-1.65889	-0.940443	-0.670647	0.15359	52.2977
-1.1925	-1.36658	-0.685126	-1.6374	-1.45535	57.2278
-1.50242	-0.72868	0.12418	0.992572	-0.536031	54.4745
1.50389	-0.633152	-1.91764	-0.257616	-1.81796	56.5368
1.61446	0.781931	1.95484	1.43029	1.85877	66.7758
0.203153	1.25766	-1.80922	-1.93781	-1.90252	62.3194
0.169776	0.143796	-0.456184	-0.462203	0.829942	48.4204
-0.514049	-1.73953	1.38726	0.00700258	-1.64947	55.7873
0.848389	-0.567564	-1.42807	-0.835154	1.79548	52.2722
1.50102	1.55997	-1.47472	0.714576	0.912145	61.0954
1.9164	-1.86788	-1.34795	-0.224909	1.21783	53.8645
-1.53763	-0.413864	-0.0181213	0.310089	-0.821303	56.2409
-0.599427	0.879268	-1.43038	1.03656	-1.31178	53.5511
-0.820054	0.901733	-1.01542	-1.20822	0.68263	51.8334
0.102408	-0.23506	1.7246	-1.59603	-1.91938	53.2218
0.537479	-1.73754	1.07355	0.499256	0.895553	53.6399
1.99297	0.00250506	0.180223	-0.954415	0.863089	48.0115
0.289825	-0.0778034	-0.648348	-0.0338602	-1.17886	47.9298
0.239904	0.177464	1.02722	-1.7896	-0.424884	50.9987
0.525035	-1.40417	0.862244	-1.70788	0.724623	62.658
-1.21189	-0.122235	-1.47366	0.0115776	-0.813008	52.9633
-1.13773	1.86108	-0.206466	-0.588846	-0.665006	54.8319
-0.122077	1.12364	0.350306	1.46456	1.52244	52.4258
-0.313415	0.098515	-1.33151	-1.35573	1.39243	55.4044
0.529108	-1.31514	-1.80762	1.27713	-0.156098	57.5728
-1.20688	-0.655282	1.83548	0.441015	1.3234	61.2772
0.283371	-0.502211	0.946422	-0.841415	-1.31342	53.2325
-1.41577	1.44388	0.924582	1.43284	-1.94368	59.1946
-1.36191	-0.716199	0.600449	-1.05595	0.475603	50.7632
0.657009	-0.987944	0.280309	-0.6971	0.585009	48.4531
-0.849785	-1.30971	-0.896479	-0.419423	1.77834	57.9488
-0.697298	1.0791	-1.39146	-1.71226	0.0998079	51.1204
-0.918799	-0.859746	0.899308	0.67021	-0.227746	54.9926
-1.84903	0.181535	0.564211	0.354412	-1.67235	58.268
1.63451	1.73668	1.09187	-0.20794	0.61124	60.5958
-0.613104	-1.98198	-0.823128	-0.51492	0.833132	51.2978
1.73968	-0.657899	-1.31881	-1.50329	-0.918256	60.6504
1.024	1.17834	-1.72554	-0.745574	-1.9545	53.557
0.135541	0.37683	-1.359	0.721009	-0.695847	49.878
-0.897335	1.85694	1.31244	1.90158	0.512857	61.3576
-0.823976	-1.15911	1.25189	-0.576802	-1.78343	55.0993
-0.589354	-0.851807	0.0532181	-1.31256	0.44585	55.7732
1.40865	1.79015	-0.788085	-1.69393	1.80863	62.2886
0.0104484	0.66359	1.74491	-0.790912	-1.22846	55.3292
0.836054	0.362448	-0.221324	0.724544	0.784495	52.4384
0.96851	-0.232549	0.365164	-1.5521	-1.11405	57.2676
-1.54239	0.14699	0.554362	-1.59103	1.57735	63.1866
1.37201	-1.30672	-1.29697	-1.97897	-0.0259162	56.2026
-0.889684	0.52706	-0.565201	-0.407579	-1.7009	61.8262
-0.6129	0.89306	1.09722	1.66908	-1.02281	58.7035
1.35465	1.35457	0.641984	1.8137	1.71158	61.3803
-0.449354	0.42487	1.56706	-1.99254	-0.266124	58.147
-1.39935	-1.79072	1.45258	-0.655142	-1.22514	57.4531
0.339147	1.55611	-0.441144	-0.994685	-0.57188	60.858
0.688038	-0.575866	-1.96807	-1.55085	0.986071	60.046
-0.112918	0.924955	1.0623	-0.962517	-0.585623	52.6017
-0.622482	-0.304588	-0.434195	0.14328	-0.15368	53.5525
-0.576035	-0.985757	-1.53975	-0.310168	1.89631	57.8015
0.388755	1.82946	1.29157	-0.203797	-0.911845	51.0116
-1.7462	1.65377	0.536707	-0.520644	-0.4409	60.6272
1.56097	1.91515	1.79325	-0.0998908	1.56288	63.5347
0.56871	0.244604	1.68414	1.77773	-0.0339772	53.6815
-0.225837	0.859471	-1.88031	1.69336	-0.774536	59.2947
-0.503576	1.22404	0.0149594	1.9685	1.78776	53.428
-1.06816	1.09131	-0.656543	1.63489	0.142747	51.5835
0.457083	-0.805578	-0.120537	1.55484	-0.144185	54.6007
-1.23693	-1.59512	0.718198	1.48265	-1.15511	59.4985
0.24412	-1.45039	1.71742	1.04034	0.390392	57.2696
-0.465481	-1.98657	-0.042135	-1.9166	-1.59347	64.1077
-0.59718	0.473862	1.61476	-1.20094	1.94772	61.5235
-1.7213	-0.347482	-1.02548	0.229668	-0.742724	49.5267
0.353568	-1.20399	0.0160777	1.08744	-1.73132	53.258
-1.87074	0.727639	1.25064	-1.31139	0.815369	54.5403
-1.41525	0.582171	-0.847651	-1.61072	-1.34827	55.1767
0.00159865	1.52235	1.21239	-1.56525	0.287648	53.2218
-0.376001	1.8006	0.10399	0.258117	0.882519	51.5613
0.227617	1.53084	-0.680256	-0.720676	0.373649	60.6767
-0.538332	-0.305008	1.58057	-0.0321447	0.829559	51.038
0.418154	-1.26811	-0.821691	0.915229	-1.39915	56.8615
-0.539172	-1.16612	-1.57744	1.69048	0.94257	54.559
-1.35574	0.199381	-0.423876	-1.4407	0.0551591	58.0845
-1.38646	-0.478951	-1.89223	-1.32644	0.65872	65.2891
-1.60371	-0.649689	-1.38445	-1.9735	-1.79563	64.7798
1.8696	1.92938	-0.0473855	-0.812281	1.73546	59.8015
-0.736577	-1.63186	-0.480428	1.26712	-0.758493	52.83
0.676949	1.3836	-0.87627	1.98709	-0.684731	59.7318
-1.71795	0.69708	-1.2039	0.142482	-0.0462823	53.5666
-0.550102	-1.73865	1.36971	1.39807	-1.88136	64.3421
0.182912	-1.02274	-1.36072	-0.477735	-0.134079	51.6889
0.581387	-0.690983	-0.921374	0.623207	0.0842512	56.4471
1.62033	0.0131112	1.37135	0.183987	-0.0774602	50.46
1.63506	-1.64974	1.36406	1.80409	0.751439	66.3981
-1.79788	-1.96989	0.273492	1.54067	1.13713	63.6416
0.172291	0.333406	-1.9926	-0.827526	-1.02297	57.1565
-1.58344	1.75461	1.27469	-1.21401	-1.22155	60.7659
-0.191854	-0.17491	0.989468	-0.166105	0.306847	49.2052
1.94992	0.184701	-1.65421	-1.94955	0.898697	56.2975
-1.70481	1.88575	0.298737	1.16001	-0.288018	58.6596
0.963891	-0.874523	0.618265	1.35893	-0.662771	51.8438
-1.33178	-0.850652	0.5738	0.312425	1.33758	59.2339
0.0383001	-0.373104	-1.83884	-0.634583	1.50709	52.4916
1.70408	-0.27494	0.882527	-1.08926	-0.785565	54.7363
-0.492381	-1.44481	0.265843	-1.91654	0.44283	53.125
0.0380366	-0.108966	-0.25643	-0.424673	-0.659946	49.407
0.880862	1.60099	-0.300832	-1.31603	-1.19153	56.4418
-0.819042	-1.25559	0.840966	-0.248909	-1.96787	51.6777
-0.178656	0.215315	1.45804	-1.35674	-1.33238	58.9698
-0.377146	-1.45515	1.37452	-1.33166	-1.82818	56.1159
-1.31318	-1.73271	-0.052921	0.072306	1.84191	55.108
-1.31307	-1.49434	0.778763	-1.47689	-1.668	60.9706
-0.38826	-0.952704	-0.356505	1.10025	-1.93323	50.4525
1.01064	1.04774	0.791236	0.530426	-0.562684	49.3263
1.9379	-0.0523559	0.977555	-1.20514	1.50285	61.3508
0.00287662	-1.72386	-0.530507	-1.64368	-1.30889	56.4426
-0.000693926	-0.0523613	-1.60505	0.379886	-0.851506	49.2795
0.39752	0.0276292	1.5822	1.18964	-0.55082	50.6364
0.183537	1.11933	-0.42152	1.02057	1.13305	52.3897
-0.400846	1.04417	-0.860257	-1.65326	0.667222	52.6768
0.94803	0.891602	-1.39949	-1.03373	0.340215	50.2703
0.562364	-0.767806	1.63878	-1.05951	1.52304	59.7191
1.6232	-0.379541	-0.909967	-1.75557	1.40229	55.2327
0.481455	0.236963	1.54108	1.62458	0.276255	56.9673
-0.363627	-0.0468304	1.19696	-1.9719	-0.936748	58.639
0.677582	-1.54214	1.23255	0.710916	0.381487	60.718
0.519862	-1.98862	-0.684229	0.72668	-0.765233	53.4408
-1.60952	1.03747	1.58251	1.78729	0.667535	64.3875
0.993792	1.84575	1.94757	-1.03056	-1.18114	54.4629
0.865969	-1.21284	-1.62378	1.60464	0.927618	58.0013
-1.349	-1.13869	0.785903	-1.32543	0.874162	57.9523
-0.638336	1.2279	-0.889762	0.423628	1.51185	56.7938
-1.87436	-1.60799	-0.475918	0.451749	-1.12672	57.3432
-1.01223	1.31552	-0.768635	0.206196	0.00966038	50.3768
1.54367	-0.279125	-1.25368	-1.77355	-1.70226	65.0749
1.96705	1.60703	-0.194234	-1.47999	1.98738	59.6018
-0.994393	-0.050523	-0.273684	-0.339755	-1.91899	50.6154
1.32978	-1.45177	1.31965	0.746191	-0.893015	61.5563
1.81306	1.22143	-0.397332	-0.399794	-0.963789	56.6552
0.353708	0.593119	-0.7049	0.754469	1.63551	52.6087
-1.09039	0.237642	1.88596	0.020746	-1.80679	58.9053
-0.321204	1.00175	-1.10725	1.65102	-0.255213	54.9342
0.185195	-1.99853	-0.884048	-1.6113	-1.63258	61.7421
-0.0343844	0.883899	0.210753	0.342636	0.854922	49.646
-0.397183	-0.865971	1.57419	-0.349856	-0.0288064	53.5969
1.84387	0.533397	0.550512	-1.65163	-1.83667	58.4459
-0.196382	0.288866	-0.386198	0.690437	1.17724	48.5063
-0.781639	1.26274	1.98129	-1.42425	0.833723	59.8746
-1.49654	-0.222783	-0.26511	0.822795	-1.69278	52.1977
-1.65648	0.135843	-0.917145	-0.444163	0.596641	54.3972
-1.58848	0.316314	-1.87396	-0.946986	1.9981	62.0162
-0.734399	1.60208	-1.73789	0.533535	-0.82705	57.4109
1.55905	-0.602685	0.428864	-1.88343	-0.463124	59.602
-1.25202	0.365241	0.621851	0.448911	-0.770112	51.2442
1.9661	0.649786	1.35457	0.739987	0.0560864	55.4597
1.89037	1.15675	1.40804	-0.322601	-0.585948	52.9187
