0.30754	1.96408	0.0279026	-0.326191	-0.440764	56.2018
0.481008	-1.64413	-1.57518	1.05571	0.939556	60.3673
1.07811	-1.95691	-1.80311	-0.36355	0.799561	58.3332
-0.755129	0.282176	-0.471974	-0.296531	1.73295	59.9528
-0.37274	0.145936	-0.428692	0.683982	-0.784566	53.131
1.93186	-0.875841	0.373221	-1.68939	-0.0274896	51.4817
1.59277	0.790926	-1.23372	1.99444	-0.941264	54.609
-0.335005	-1.4381	-1.04134	0.350731	-0.376289	59.1727
-1.54291	1.5393	-1.02416	-0.00945568	-1.91183	53.8665
-1.08593	1.80943	-0.785604	0.539043	-0.15792	54.3648
-0.258815	-0.216028	-1.68417	0.700175	-1.9566	59.7019
0.326115	1.35528	-1.01979	-1.48256	1.17762	62.3533
1.85602	-1.30654	-1.15379	1.41521	-1.2335	55.1327
0.00551813	0.98554	0.582228	1.01393	1.99524	56.9217
-1.4452	0.129016	0.608206	0.479536	0.812597	50.0535
1.26621	-0.90852	-0.526354	-0.659408	0.895309	57.1748
0.136931	0.240827	1.76748	-0.411023	-1.69743	58.3018
-0.813092	-0.661312	1.17552	-1.69998	-0.259551	55.4984
-1.67564	1.97419	-1.58819	-0.784093	-0.483414	58.1133
0.981804	-0.758758	-1.63283	0.885138	-1.8776	60.0685
-0.0766577	-1.06494	0.0409953	0.388606	-0.391221	45.6955
-0.691323	-0.0723696	1.80086	0.65676	0.173357	56.0965
0.137255	1.16817	-0.125281	-0.890041	-0.287883	52.8845
-0.779028	1.96814	-0.306107	-1.77055	-0.373126	62.2102
1.5521	-1.51735	-1.70849	0.0955978	1.57159	61.1361
0.341953	-1.49755	-0.866568	0.628669	0.478174	52.3525
0.231455	-1.20636	0.17584	-0.271321	-1.11716	52.446
1.38753	0.63492	-1.43669	1.25531	1.09453	56.3664
0.983794	-0.264318	-1.46263	-1.57505	-0.227834	59.3558
-0.360598	-0.135638	-0.0821273	-0.285945	0.754592	47.1068
-1.46194	1.41087	0.642298	0.527823	-0.0218951	53.8231
0.0266078	1.06586	-0.0575637	0.798685	1.32934	54.956
1.54911	-0.528014	-0.412412	-1.47409	0.15785	61.1895
1.04355	1.95741	1.97623	1.94508	-0.693805	64.3456
0.0650125	1.64262	0.670294	0.686371	0.841375	59.2567
1.47768	0.507086	-0.277615	-0.876961	-0.77066	55.1973
1.87537	-0.0420052	1.23617	0.0309816	0.067469	55.5108
0.22753	1.71778	0.506597	0.632389	0.0529975	56.6278
-1.47282	-1.92666	0.481407	-1.6482	-0.923655	59.2659
1.10899	1.33608	0.489536	0.197933	-0.791345	54.0799
-1.39636	0.448279	0.543054	-1.16011	-0.920922	54.8133
-0.367895	-0.354056	-0.21593	0.12955	1.58572	54.6219
-0.716671	0.876442	-1.52832	0.0540031	-1.09955	57.3032
1.73708	-0.23623	-1.06788	-0.812189	0.507641	50.4465
-0.779789	0.272972	-0.411785	-1.80844	-1.48841	62.985
0.936556	-1.78662	1.16776	1.92188	0.772787	59.3375
0.201017	-1.39889	1.94949	1.2645	1.99633	58.8248
-1.37975	-1.91718	-0.657316	-0.279606	0.776554	51.9808
0.447399	-1.01806	0.288947	0.96562	-1.36334	55.602
-0.141984	1.35745	1.98698	-0.905177	-0.0847998	49.633
0.287111	-1.50821	1.41745	0.556171	-1.46367	55.9623
-1.80629	0.870125	0.479887	0.959692	-1.06247	50.019
1.57527	1.66489	-0.506453	1.11496	-0.904373	63.0664
-1.91517	-0.212518	-0.022891	0.185198	-1.88594	54.0703
-1.17943	1.0478	0.755208	0.61214	0.411867	48.9572
0.409069	-1.71378	1.58602	1.28405	0.18582	54.3235
-1.49912	0.457069	-0.475431	1.39407	-1.857	65.4732
-0.700369	-1.51674	-0.538192	-1.7552	-0.990826	58.3848
-0.723433	-1.89332	1.60669	0.538867	1.18922	53.8336
0.673294	-0.39255	0.411244	-1.01173	0.0830462	56.1983
1.99067	-1.52836	1.18778	-1.07724	-1.41414	59.8435
0.963688	-1.51825	-0.61633	-0.0421548	-0.284442	53.7098
1.40559	0.768806	-1.20937	-1.06956	-0.641652	52.9788
0.951047	-0.224475	1.57867	1.26467	1.90555	57.7082
-1.74911	-1.0579	-1.21183	0.103327	-1.06064	54.4302
0.866102	-0.737282	1.84017	-0.941111	1.71232	55.543
-0.849351	-0.424714	0.0366488	-0.330184	-0.182963	54.4878
-0.592483	-0.66859	-1.57093	1.98141	-1.93947	57.5838
-0.855881	-1.8337	-0.827887	0.398506	-1.2351	60.0321
1.4244	-1.75692	-1.32817	-0.540036	0.379601	62.1386
-0.344194	-0.856205	0.130402	-1.01713	1.5156	53.4575
0.153243	1.65813	1.83879	-0.995047	-1.22519	55.7969
0.919888	-0.966819	-0.55385	0.662547	1.80942	51.1938
-0.818193	0.650941	1.79654	-0.558124	-0.955524	53.1814
-1.7162	0.866676	-0.915113	0.235673	-0.206844	52.4254
1.37062	0.514535	0.959715	-1.39176	-1.09342	59.1312
1.47344	0.689188	-1.18304	0.250337	-1.07227	60.2901
0.539312	-1.92558	-0.155333	-1.79275	0.933749	61.5254
1.54879	1.74112	1.3549	1.43722	0.0155627	60.2726
1.03959	0.691064	0.429555	0.933972	-1.34575	57.0919
0.42916	-1.6001	-1.18527	1.2338	-1.11581	52.2193
1.33731	-0.266683	1.37726	0.49184	-0.654501	56.1865
-0.0518719	0.633101	-1.22892	1.02479	-1.5292	58.1819
-1.82722	0.682029	1.23639	-1.53525	-0.113737	57.7852
0.355148	-1.76907	0.566654	0.579474	0.568026	58.0052
-1.08115	1.19079	0.722597	0.944685	-1.29362	57.7162
0.83306	-1.01571	0.985168	0.428697	0.365614	54.6944
-1.16856	-0.56024	-0.358079	1.70251	-1.81798	63.6753
1.04058	0.31355	-1.58352	1.04375	-1.43428	56.5045
-1.47147	1.0258	0.184715	-0.793452	-1.08355	51.913
-0.85183	1.64933	1.1179	-0.0858887	-0.0645153	54.7958
1.41375	1.1354	-0.60282	-0.487652	-0.570491	60.5374
1.80877	-1.39032	0.889109	-1.292	1.71322	60.7334
0.216694	-1.11959	1.53223	0.448448	-0.782478	55.248
1.51037	1.627	-0.429096	1.52356	-0.608691	56.5724
-1.23236	1.3112	-1.81395	-1.05991	1.80668	60.7009
-1.42318	0.195104	0.862822	0.368225	1.13366	50.8861
0.379851	-1.21121	0.959391	-1.46361	-0.650061	52.8067
-0.808059	-1.65809	1.39923	-1.45228	0.85358	63.1152
-0.868126	0.895237	-0.242464	0.17107	-0.899742	52.6337
0.304778	1.98438	-1.7405	-1.14907	1.48595	58.5821
1.29114	-0.827779	-0.997054	-1.0478	1.95487	55.6882
-1.89476	-1.04511	0.0761713	0.898559	1.66417	59.2116
-1.82775	-0.985665	0.891753	0.726826	-0.945472	51.8854
-1.91171	-0.276762	1.52462	-1.89529	1.04866	62.2734
-0.531093	1.97575	-0.605449	-0.513476	-1.47123	63.326
-0.0271072	1.26427	-1.28793	-0.842769	-0.0546816	54.4102
1.68302	1.51485	-1.10943	0.519361	-1.92621	64.1211
0.179805	-0.94045	-0.687151	-1.31189	-1.08967	52.3295
-1.80704	1.1797	-0.231748	-1.99932	0.16553	55.7733
0.155681	-1.17324	1.09655	-0.407521	0.305707	47.4998
-0.308826	1.25962	-1.34647	-1.25956	0.728158	54.5279
-1.89162	-0.61889	-0.287012	0.132467	1.68694	59.0792
-1.71591	1.903	-0.380003	-1.62006	-0.911347	64.9801
1.65348	-1.71881	0.834489	-1.42825	0.609013	65.5867
0.648522	0.69454	-0.468505	1.15702	0.0988318	48.7814
1.24422	0.628751	-1.69924	-1.7382	0.189161	61.4844
1.55472	-0.318602	1.75079	-0.869826	0.59795	55.8578
1.75442	-0.794009	-1.35932	-0.427925	-0.987421	55.2415
-1.05142	-0.823339	1.43212	-0.862884	-1.66096	56.7346
-1.74282	-0.770104	1.85948	-0.315932	1.04439	57.0041
1.36535	-1.29883	1.07385	0.851686	-0.534006	52.2348
1.88148	1.85295	1.72617	-1.55055	-1.67669	62.7592
0.975226	0.113259	-0.0834197	1.08305	0.0245682	51.4927
-0.706607	1.29243	-1.21646	1.44307	1.99824	65.3838
-1.5507	-1.66222	-1.89291	-0.293277	0.373143	65.4858
-0.529423	0.19065	1.42341	-0.0249019	1.18387	49.0112
-0.853546	-1.87383	0.198597	1.13918	-0.131772	51.5986
-1.81141	0.336671	-0.062937	1.92682	1.11101	53.1067
0.881781	-0.200129	1.18016	1.47576	0.499501	57.3628
-0.788237	0.105069	1.67926	0.322024	0.684413	55.3496
1.63911	-0.492324	0.447663	-0.763629	-1.36183	55.192
1.26397	1.38652	0.448721	0.994298	-0.299892	59.2557
1.84558	0.615274	0.0949722	-1.03712	-0.913115	53.2323
-1.33401	0.954252	-1.35583	0.248513	1.28106	58.8408
1.83222	-1.3188	0.117545	1.41478	-1.37606	54.9817
-0.964575	-0.0736934	-0.2744	-1.63671	-0.797067	55.0885
-0.240387	0.146212	-0.670227	1.51067	-1.18283	50.7882
-1.86218	-1.64323	1.42855	-1.12709	-0.0284522	63.3665
1.29621	1.80441	-1.76482	0.903133	-1.90362	57.0632
-0.547226	1.00925	0.924387	-0.0712666	-1.9065	48.3641
0.0532441	-1.72495	-0.728482	0.646181	-0.0247616	57.6536
1.7228	1.8371	-1.45304	-0.587433	-0.803338	59.9694
1.56014	-0.0692661	-1.96253	-0.973367	0.44972	54.1966
-1.15619	-0.864982	-0.846447	0.353947	0.92356	52.7481
-1.15596	-1.90207	1.18236	-0.168569	-0.161556	58.4277
-0.874002	1.37475	0.32099	0.406627	1.09671	54.5715
-0.106612	1.20874	-1.43134	-0.0649773	0.107636	53.2586
0.104224	1.33953	-1.52817	0.60257	0.980001	57.6758
1.99221	0.595174	-1.22718	0.9224	-1.49779	53.4393
-0.371077	-1.46592	1.52712	-0.848283	-0.594473	59.7656
-1.7037	-0.163924	-0.445012	-0.254752	-0.0600465	57.7799
-0.39297	-1.45709	0.704495	0.879902	-0.00175956	50.0784
-0.264556	0.782318	-0.20262	-1.56639	-1.66232	55.2648
-1.44134	-0.63833	-1.86858	1.44059	-0.182774	61.2919
1.67988	0.9889	0.30778	-0.444363	1.23362	51.7359
-1.89514	-0.0653609	0.399425	-1.12989	-1.51833	57.8799
-1.23543	0.106893	0.799015	-0.311614	-0.937157	50.9143
-0.481338	1.23917	-0.0180154	0.125372	0.439744	52.6533
-0.846753	-0.699467	-1.67651	0.695368	1.76741	61.5204
-1.64635	-1.12069	1.16867	-1.89158	0.56359	63.4646
0.806465	0.298279	1.0136	0.495933	-1.8738	57.5155
-0.631386	0.116408	0.512531	-0.935561	-0.20302	52.8515
1.53409	-1.29391	-1.34841	-0.987069	-0.473195	64.16
0.168543	-1.50017	1.30873	0.224433	0.0545329	58.6575
0.376306	-0.763677	1.26478	-0.298104	-1.74032	57.0855
1.45691	-0.268644	0.975032	-1.22687	1.94239	57.4362
-1.23403	-1.93481	1.67513	0.933029	-1.97481	60.9821
0.654098	1.70985	1.32079	1.04682	-0.472913	59.4212
-1.25857	1.42781	-1.07576	-0.295154	1.73207	53.6574
-1.18284	1.03989	1.08418	0.360765	0.758748	48.4898
-1.60498	-0.815089	-1.01664	1.0409	0.17109	51.7415
-1.2137	-1.2439	-0.382873	0.0450828	-1.30028	50.3121
-1.65871	0.958634	1.99033	-1.39663	0.214826	57.0202
0.892727	1.91886	1.82656	-1.59526	-1.26747	60.7855
0.842295	0.430565	-0.842128	1.22529	-1.81389	60.1144
1.46351	-0.254599	1.00015	-1.59405	0.291502	53.5085
0.496935	-0.28908	1.27241	-0.808871	-0.152575	53.0741
0.543008	-0.650829	0.839327	-1.93447	-0.453605	56.9915
-0.858883	-0.552169	-0.236047	0.332777	-1.96789	58.6639
0.42314	-1.12564	-0.33869	-0.0858223	-0.322808	53.5252
-0.889975	1.42715	1.08076	1.13356	1.42573	55.6563
0.693094	1.77746	-0.0912731	-1.12	-1.58567	52.9028
1.49497	-0.414765	-0.554805	0.878887	0.439173	59.5188
1.07133	-1.45079	-1.18755	-1.86346	1.06599	60.2399
0.143296	1.36674	0.837149	-1.42504	0.785036	55.991
1.80673	-1.96796	0.978939	-1.269	0.99899	52.3276
1.34901	-1.35389	0.183972	1.48369	0.684403	60.8804
-1.50401	-1.91915	-0.514212	-0.789836	0.672334	57.456
1.88409	0.207432	-1.34904	1.88616	0.663675	58.7444
1.20601	0.647774	1.6091	1.55906	0.1436	58.9102
1.80271	-0.684001	1.95345	-0.368768	1.8923	56.051
0.489097	1.34976	1.18604	-1.26451	-1.62838	54.3219
0.45219	0.611881	1.30788	-0.0131183	-1.17553	56.4696
-1.2912	1.47622	1.75301	0.353818	1.00926	57.7199
-1.79492	0.585878	-0.677034	1.35814	0.0237027	61.6176
1.07011	0.929511	-0.257893	1.87228	0.0184312	50.5707
-0.779568	-1.04898	-0.859451	-1.51882	-0.964859	53.39
-0.262958	-0.950133	-0.409338	-0.482854	0.550312	51.9844
-0.605018	-1.3705	0.722665	0.242151	-1.00486	54.4339
1.62033	-0.377033	1.9433	-1.9363	-1.20101	66.5098
-1.38931	-0.384528	1.96994	-0.627905	1.38812	56.0516
0.510765	-1.68278	-0.131607	-0.468645	-0.508808	51.7942
-1.73444	-0.956649	-1.40516	0.290603	-1.42579	60.8967
0.937664	-0.297704	1.37188	-1.24813	1.34886	59.136
1.15413	-0.832009	-1.90715	-0.635556	-0.752364	53.1661
1.32964	-0.0976148	1.63745	1.4641	0.641779	62.4651
-0.00887245	-1.83408	-1.1369	-1.87259	-0.233341	55.2619
1.57959	1.00391	-1.67205	0.834632	0.18539	58.735
1.32464	1.45108	0.502123	-0.126969	1.3036	54.9719
-0.430304	-0.785572	-0.0461656	-1.64547	0.376565	57.9864
1.6075	-0.0428841	1.72972	-1.11222	0.839182	52.7995
-1.63075	0.953911	-1.22264	-0.0180185	0.628857	53.6136
-1.35549	-1.55978	-0.427874	-0.850534	-1.63598	60.364
0.556094	0.207944	-1.97659	-1.41213	-1.56292	64.3698
-0.745356	-1.251	-0.0343024	0.163159	-0.927056	53.6896
-1.3994	0.199679	-0.877522	-1.63573	0.458639	52.4916
1.45435	1.16073	-1.4664	-0.49921	-0.495625	64.2732
-0.339639	1.72132	-1.32539	0.540358	-0.838497	59.1627
-1.7263	-1.90662	-1.94	1.56882	1.67327	68.6673
-0.887309	1.3016	-1.81764	0.590103	-1.12865	60.1097
-1.81267	-0.00506922	0.908211	0.427604	0.205611	50.1005
0.242313	1.64922	-1.1509	1.50848	1.40796	56.5478
-1.05918	1.74006	0.477013	-1.1877	-1.8245	61.9085
1.38638	-1.68961	-1.52664	0.240887	0.112834	54.9657
-1.05124	-1.96184	0.522223	0.679979	-1.65176	59.6621
0.653153	0.603365	0.370879	-0.115869	-1.69576	56.0162
0.829701	-1.63181	1.94561	-0.502001	-0.356844	57.224
1.89316	-0.68146	-1.6229	-1.56935	0.953491	59.7505
1.96098	0.687366	1.61905	-1.84602	0.161512	58.2359
1.48602	-1.9359	1.64809	-0.848204	1.73875	61.3289
-1.66221	0.341675	-1.09347	-0.329418	-0.880354	54.9432
1.86933	-0.00793067	-0.207198	-1.36618	-1.47147	56.1285
1.77386	1.09016	1.66815	-1.72567	0.954559	56.7134
0.0615501	1.79438	-1.35585	0.976772	-1.4526	58.6585
-1.55934	1.44238	-0.613183	1.35451	-1.37529	62.557
1.06027	-0.150891	-1.12665	1.49642	-0.885633	52.94
-0.476458	-0.109832	0.124016	1.2682	-0.126387	50.2904
-0.948056	-0.760512	-0.464745	-1.45777	-0.158663	50.9742
1.03979	-1.72513	1.38352	-1.67415	-1.61392	62.5228
1.50295	-1.60155	0.633725	-1.90685	1.03652	59.3869
-1.7108	-0.50791	1.33396	1.07722	1.65313	65.7169
0.818593	-1.36341	1.91698	1.34934	0.208779	56.6101
0.194529	-1.12391	-1.64086	-0.506339	-1.85246	53.624
-1.65893	-0.728651	-0.870156	-0.755408	0.569813	60.2605
-0.985084	0.819713	-1.27119	-1.34669	0.513091	52.8348
1.41422	0.616841	-1.56398	-1.03103	0.574032	61.5854
0.0863327	1.3364	-1.72678	-1.45137	1.98079	57.5431
1.6371	0.806183	-1.01297	1.2207	-0.312396	58.2244
0.39789	-1.05398	-0.638101	1.75469	-1.28362	57.6588
-1.14142	-0.614182	1.02381	-0.005146	1.68165	49.7787
-0.492918	0.056589	-0.674731	1.60679	-0.538691	53.052
1.8718	-1.51387	1.74008	-0.0826254	-1.42283	61.2368
1.98776	1.52756	-0.686361	0.364321	0.582402	53.8101
-1.45039	-1.15038	-0.220557	-0.94908	-0.744041	59.0782
-1.36145	-1.06915	0.0847073	0.994645	-1.01066	54.4877
0.660692	-0.880768	1.77481	1.42822	-0.760362	55.736
1.49986	-0.0277902	-1.28662	-0.860001	0.996971	49.3633
-1.5081	0.835588	1.33439	-0.0411275	0.276145	52.2691
1.52105	-1.89771	0.375346	-0.142347	1.90815	53.8288
0.639565	-0.438683	0.546592	-0.473346	-1.11215	60.0689
-1.444	1.81071	0.656552	-1.42933	0.953136	65.196
-0.979453	-1.79597	1.14076	-1.58315	0.352103	61.1316
-0.224385	-0.116512	1.75804	1.25112	1.57838	62.2879
-1.43058	-1.75131	-1.32673	-1.18576	0.817584	61.2905
-1.90285	-0.864458	-1.69986	0.334794	1.2094	52.7069
1.22257	-1.1252	-1.41496	1.45702	-1.6677	59.2748
1.7924	-1.73726	1.3434	-1.41189	-0.0764382	62.7838
-1.02576	0.268035	1.0784	0.137318	1.74297	54.5722
-1.37486	-1.00808	1.83933	-1.10564	-1.26879	61.0852
-0.624412	-0.441402	1.00927	1.29984	-0.985714	58.5587
0.401081	-0.282133	-1.16868	1.71664	-0.845173	58.2089
-0.860888	-1.23227	-1.66626	-0.288537	1.46373	57.0606
1.20891	1.35208	-0.450487	-0.780902	0.119146	59.3897
0.261814	0.642038	1.35016	0.486929	-0.991665	51.5237
1.30183	1.31875	1.5238	1.17621	1.52861	64.2096
-1.05433	0.640056	-0.152175	-0.0886688	1.89633	57.3585
-1.38858	-1.49807	0.83744	-1.76699	0.567382	59.7619
-1.90891	1.70764	-1.77818	0.875855	1.66051	62.3148
-1.01461	0.18748	-0.700753	1.49738	-0.686061	54.5853
-0.576142	0.66288	1.1339	-0.459088	0.227749	58.2003
0.817685	-1.42873	-1.45748	-1.71598	1.61568	57.7778
-1.18119	0.54506	0.586792	-1.52089	-0.869301	60.2203
-1.09113	1.38039	-1.07578	1.18859	-1.73559	57.3937
-0.251905	1.4745	-0.530301	-1.90067	1.93472	60.1271
1.80624	0.714208	0.340761	1.5568	-0.437991	64.0735
0.0599668	-0.54021	0.92956	-0.157901	-1.9512	49.4685
-0.382811	0.127242	-0.951763	-1.44183	1.07847	57.7293
-1.85397	-1.46646	1.28863	-0.0865243	-1.6317	61.5565
0.728181	-0.559389	-1.27873	-1.93406	0.474977	58.3418
-0.523026	0.922927	-1.77304	0.248924	-1.05147	58.7973
-1.54691	1.50867	1.12355	-0.574761	-1.99831	62.6163
0.97635	0.846061	1.59841	-0.356872	-0.0611006	55.9737
1.48473	-1.95988	-1.58792	0.609894	1.04278	64.9613
-1.64135	-0.543126	0.396733	-1.36561	0.448766	59.2167
-1.22851	-0.0672951	0.216531	1.92701	-0.562807	50.5566
-1.31264	1.53823	1.27884	0.731938	-0.909235	57.8935
1.66172	1.27878	0.0932517	1.92151	-1.54848	64.0682
-0.074042	0.623072	1.1729	-0.530722	1.90929	50.7768
-0.805057	-0.369742	-1.82418	1.11859	-1.94722	61.9594
0.274065	-0.641805	-0.142124	-1.82113	-0.25773	51.5124
1.96503	-1.25275	0.24041	-1.06332	0.927537	51.9086
-0.983396	1.8519	0.425847	0.0190577	-0.587567	49.217
1.2308	-0.190004	0.762843	1.93	-0.45425	55.5492
0.84327	0.318976	-0.296504	-0.497817	-1.01465	48.1502
-0.896898	1.60128	-1.90806	1.16138	1.29804	53.6725
1.56179	1.64414	1.68786	0.150927	0.190891	61.9792
1.76291	1.3843	0.488927	-0.315553	-0.491676	63.9472
0.0640313	0.335307	0.276237	-1.56184	-1.59717	60.6504
-1.85642	0.224089	1.14297	-1.91639	0.246091	53.4293
1.9545	-0.0919654	-1.68685	0.754551	0.736769	59.8158
-0.96772	0.134685	1.91266	1.48303	-1.16198	51.0838
-1.164	-0.270078	-0.141879	0.118617	-0.947854	52.145
-0.611479	-0.0957953	-0.242675	-0.833867	-1.49728	58.6097
-1.10594	-1.04139	-0.603595	1.95507	-0.942524	50.7123
1.80659	0.380498	0.238662	-0.550067	0.443778	52.2344
1.9074	0.877838	1.38227	-1.26648	0.367084	55.6955
-1.23775	1.35051	-0.198056	-1.4938	1.97998	63.9292
1.07582	1.05083	-1.75901	-1.8409	0.0606416	55.9386
1.97768	0.767937	0.904263	0.655499	0.54661	56.7496
-1.13149	1.49367	0.664941	-0.555382	1.0715	61.3454
-1.37321	0.105732	0.251372	-1.1307	1.61436	53.603
-1.28598	1.71984	-1.5804	-0.720325	0.20015	58.8331
-1.37186	-1.29828	1.41985	1.79398	1.24081	64.9725
0.37639	-0.30606	1.09559	1.38118	-1.61263	56.5176
-1.01672	-1.43643	1.07899	-1.86341	-1.72944	59.247
-0.00843906	1.41343	0.512747	1.68776	-1.62911	63.8651
0.34536	1.67611	-0.0555811	0.104439	0.85385	48.1567
-0.586513	1.38428	-1.6445	-0.664569	-1.57088	58.4308
-1.39414	0.096903	1.10483	0.679671	-1.5035	56.4993
1.48322	1.50476	1.17635	-0.222574	-1.56038	63.0628
-0.179867	-0.387154	-1.7185	-1.38471	0.00872439	59.7591
1.93775	0.605005	1.48339	0.604026	1.83939	56.2958
1.56238	0.528493	1.04301	1.22375	1.832	54.2336
1.15831	-0.311306	-1.08871	-1.94737	1.83538	53.2984
-0.968222	0.0366027	1.76948	-0.0170404	-1.99951	52.3781
-1.9446	1.17632	-0.78705	-0.832767	0.463277	53.8855
-0.00527261	1.09274	-1.31981	-0.817791	-1.41516	57.3781
0.089851	-0.857831	-0.794575	0.694348	0.373646	52.3184
1.39837	-1.44089	0.418252	-1.04575	1.45259	60.0129
-0.908556	-0.582553	-0.267885	-1.71497	0.551683	56.3472
0.281345	0.852424	-1.2479	0.963355	1.73128	55.0146
-0.318259	-1.90714	-0.806511	-0.390065	-0.976524	58.8707
1.05656	1.26399	0.800054	-1.59625	-0.733929	53.3949
-1.19573	-0.438388	-1.76312	-0.600238	-0.236656	54.1252
-0.940397	0.693702	-0.414905	-1.70702	1.8144	58.4718
0.430398	1.53489	-0.381329	-1.03368	-0.16007	52.1399
1.72309	1.74029	1.72924	-0.736348	1.55881	68.4045
0.477124	0.904272	1.86874	-1.20398	1.96554	58.0751
-0.601243	-1.836	1.01116	0.114917	-0.55609	57.8312
-0.124982	1.40912	-0.527053	-1.22175	0.494742	56.5187
-0.230125	-1.86415	-0.715647	1.4844	1.84329	54.1593
1.0361	-1.72576	-0.212452	-1.19973	-1.88569	55.8326
-1.247	-0.0395728	1.77788	-1.76768	0.540399	61.2986
-0.0380404	-0.945341	0.282216	1.57848	-0.831185	48.6107
0.41757	-0.596418	1.55071	1.86339	0.858192	57.9167
-1.34172	-1.61208	-0.0461708	-1.33727	-0.646396	62.1492
-0.646271	1.80447	1.85727	-0.537101	-0.0982842	54.3646
1.38214	-1.0482	-1.26513	1.13469	0.334715	53.5031
-1.2604	-0.941967	1.6293	0.99359	-0.508254	53.3846
-1.81076	-1.80552	0.523741	-0.42098	1.71857	60.0679
1.97219	-0.714968	-1.6752	-0.835943	1.62736	64.6526
1.99773	0.217179	0.38155	0.775501	-0.207688	55.0156
-0.959244	1.17064	-1.36531	0.0566624	0.854647	55.1848
-1.67283	1.78386	1.27016	0.259	-0.440562	58.6317
0.170156	-0.606777	1.21379	0.974293	-0.452098	53.069
-0.0846745	-1.253	-0.3242	-1.92251	-0.474396	55.8664
-0.246913	-1.35493	-0.647622	-1.46639	-0.393091	57.5746
0.0158693	0.56417	1.96993	0.0914036	-0.936915	55.9245
0.253241	-1.33697	-0.503217	-1.59141	-0.202421	54.4927
-0.80875	-1.0334	-1.33428	-1.7099	1.35339	58.8609
-1.13017	1.95057	0.530685	0.618097	-0.515258	54.8056
-0.89867	-0.578549	-1.59814	1.22655	0.920164	60.9487
-0.449389	0.902135	-0.606605	-0.504629	0.112598	53.8638
0.187597	0.27133	-1.96327	1.89643	-1.77457	60.2935
-1.64219	0.456899	-1.75672	1.06579	0.485346	61.3508
0.43309	1.93339	0.887051	-0.873111	0.997524	51.3113
-1.71564	-0.569985	-0.726204	-0.716516	0.139689	52.4082
-1.9803	1.5175	0.518408	-1.26576	-0.479065	59.8058
-1.89298	-0.0850842	1.25313	0.242193	-1.74487	53.2268
1.17269	1.39811	1.10297	1.76458	0.265404	57.8457
-0.00997447	1.52762	-0.301604	-1.69812	-0.586133	60.5628
0.706022	-0.226693	0.816888	-1.08013	0.801672	55.6746
0.631089	-0.2012	-0.724337	1.04462	1.20199	49.0851
1.60024	0.743053	-1.35887	-1.31155	-1.60808	65.6188
1.04654	-0.325532	-1.45855	-1.54008	1.35115	57.7672
1.89822	-1.99499	-1.14859	0.138315	0.411326	55.1903
-1.9066	-1.83167	-0.616272	1.15776	1.68677	57.7752
-0.426355	-0.386037	0.94528	-0.912208	0.656861	56.0702
0.612904	-0.085626	-0.160005	-1.41798	1.26297	51.6136
-1.7993	-0.327244	0.740593	0.00743096	0.258527	50.0412
0.32392	-1.83956	-0.61679	-1.60234	-0.377004	58.1648
0.205004	0.84866	1.94116	0.777542	0.125786	53.0074
0.318204	-0.342605	-1.38448	-0.625691	0.000799851	51.2468
1.21208	-1.23973	0.764287	0.230096	-1.37198	50.6908
-0.240582	0.856676	0.368692	-0.023426	1.60405	53.8371
-0.589766	0.811501	0.468194	0.956267	-0.421215	53.6832
0.866554	-1.22603	1.496	0.47607	0.935186	53.0526
-0.869307	1.12721	1.97109	-0.175548	-1.86858	59.2994
1.91545	1.70745	1.51448	0.472897	-1.55733	61.2923
1.09958	-0.444082	-1.29221	-0.992311	1.53912	58.495
0.317834	0.162941	0.159955	-0.757064	-0.697175	49.3255
-0.311148	0.986265	1.72867	0.856469	0.545136	53.2924
1.12752	-0.366488	-1.05033	0.783364	-0.521204	50.0073
-0.615655	0.527603	1.4991	-0.492582	0.143757	51.7778
-0.38222	-0.0324841	-1.99561	0.0973458	0.153203	55.1393
0.38177	1.20235	-1.51873	1.05669	0.324061	51.5805
-1.19566	0.154472	-0.686971	0.614162	-1.14343	58.0197
-0.774981	0.450024	0.0289636	1.36375	0.111721	53.427
0.972351	0.501437	0.0258425	0.213632	0.693537	53.9256
-0.349251	-1.37469	-1.15592	0.951794	-0.0481264	56.795
0.47352	0.247532	-0.0122371	0.254513	-1.32592	53.0953
-1.92004	-0.156754	-1.77696	1.06358	-0.626977	61.6636
1.37809	-0.347746	-1.43523	1.91354	-0.815092	59.3676
1.439	-1.38628	1.51491	-1.10302	-1.0946	59.157
0.300572	1.59228	-0.478651	-1.19308	1.847	63.0306
0.1203	0.284633	1.27819	-0.349148	-1.2295	58.2956
-1.23118	1.78182	-0.67366	-1.72994	-1.8184	61.9107
-0.322576	-1.02198	-0.156564	-1.31473	1.32182	49.4825
0.946992	0.867657	1.14874	-0.27987	0.592019	49.0766
1.43106	-1.6523	1.52434	-1.08128	-0.102957	61.4464
0.988993	-1.81881	-1.64006	-0.475143	1.86316	63.8426
0.17167	-1.10655	0.739255	1.99532	-1.12406	56.8525
-0.402181	-0.92559	1.91108	-1.59348	1.39304	58.6449
0.892447	-1.99666	0.156376	-0.589177	0.50775	59.3174
-0.136191	-0.176605	1.79308	-1.87966	0.675103	55.6116
-1.23548	0.462219	-0.380941	-1.84607	1.67815	58.4
-1.19355	-1.02246	0.374631	0.026848	0.721167	55.8291
-1.73879	-1.90685	1.32654	-0.208642	0.520051	63.3094
0.148242	-0.983404	-0.701649	1.29422	-1.30552	56.894
1.3952	-0.136037	1.78255	-1.2199	-0.80593	61.2138
-1.60557	0.33168	0.344362	-0.082948	1.31195	54.208
1.85938	0.879608	-1.32622	-1.22293	-1.60506	64.564
1.5204	-0.986068	1.54855	1.3638	1.69712	66.7181
1.12704	-0.430596	-1.41449	1.39967	1.7769	58.4715
0.938224	-0.495816	-1.5974	0.280883	1.91888	56.4982
1.4678	-1.39366	1.02355	-0.578916	-0.549437	63.0597
1.25968	1.41109	-1.45304	0.242896	-0.643106	58.6051
1.43782	-0.430003	-1.00002	-0.404904	1.24044	57.6822
-1.117	1.64651	-1.41561	0.841047	1.55483	57.8052
-1.75084	0.600579	-1.53876	0.35009	0.509872	58.9395
0.691672	0.490681	0.11297	1.33565	1.93917	52.507
-0.516905	-1.33579	1.16749	0.151688	-0.07489	55.6341
1.83042	1.02003	-1.12333	-1.98586	0.0552772	54.9177
-1.17036	0.47561	1.8991	1.61156	-0.0320573	55.5693
-1.16005	1.86378	1.48846	-0.188557	1.14329	57.7578
0.52919	1.02083	1.17348	0.888047	-0.0857752	47.2913
-1.85096	-1.05115	1.96607	-1.62419	-1.27778	64.0843
1.89499	-0.733196	0.141496	-1.79461	-0.704705	56.5551
-1.23226	1.73144	1.63579	1.55214	-0.544314	63.718
-0.922542	-1.74574	-0.41398	1.41904	0.332944	54.1122
-0.0787567	1.5608	-1.48874	-1.66787	-0.157317	55.5313
-0.394961	0.0655775	0.584636	0.730843	-1.70231	56.7375
-0.216187	-0.158686	1.48724	-0.985958	-1.10284	48.158
-1.03205	0.179798	0.27036	-1.45703	0.300575	57.6514
-0.902491	1.88968	0.325425	-0.475724	1.55252	53.2969
-1.40107	1.42093	-0.30234	0.711488	-1.45904	55.7351
-1.94094	0.320483	0.696432	1.98189	0.371485	57.9455
-1.73072	1.78455	-1.8081	0.156099	1.84939	59.4622
-1.50131	-1.67685	-1.94212	1.10614	0.959228	60.3345
1.384	0.549839	-0.381535	-0.388048	0.57561	52.9449
0.849673	0.520888	-1.84103	1.56498	-0.636679	60.4325
1.81698	0.856146	-0.667584	0.48602	0.402338	60.6525
0.630183	-0.552334	1.67308	-0.53361	-1.88	54.2944
1.45477	-0.00271652	-1.59858	1.62617	1.73887	60.6482
-0.658769	0.084128	0.902664	-1.5667	-1.2134	51.4446
-1.35965	-1.63004	-1.89439	0.6818	1.2396	65.8566
0.372906	-0.898259	-1.69903	0.83004	0.148799	53.6779
-1.71947	1.16266	-1.56113	-0.566168	-1.58478	61.9499
1.36509	0.996412	-0.273217	0.920018	0.361689	54.0196
-0.679643	-1.50704	-1.10074	-1.23079	0.453821	52.554
-1.90141	1.27714	-1.44206	-0.412727	-0.52568	59.304
0.298547	-1.35925	-1.35004	1.76184	-0.876208	53.6971
-0.336256	1.55537	-1.19256	-1.51517	1.24564	56.2803
-0.640535	-0.143964	0.999258	-1.62523	-1.71306	54.1105
-0.833973	1.06409	0.561954	0.949227	-1.56198	58.809
1.13969	-1.98266	1.21151	1.74648	0.0685806	60.9831
-1.86282	0.989648	-1.94679	0.98006	1.4436	53.3589
-1.22771	0.569552	-1.59961	-0.981359	-1.92229	59.3367
-0.863413	-1.12432	0.195417	1.48707	1.05982	52.1362
-1.17052	-0.42169	-1.79347	0.508848	1.02679	60.7208
1.49982	-1.276	0.212875	-0.736154	1.04024	57.821
-0.437507	1.67687	-1.28933	-0.519453	-0.0895907	55.0013
-1.35194	-0.581764	1.92584	-0.245944	-1.59606	54.4688
-1.85748	-1.99334	-0.33136	-1.5524	1.75861	57.1419
1.14226	-0.0401151	-1.4317	-1.98466	0.273189	54.159
1.03164	1.32477	1.43503	0.80139	-0.143307	59.9423
-1.0734	1.63336	-1.68525	-0.774579	-0.487678	57.9252
-1.96682	1.86408	1.24498	0.593928	0.765179	59.4892
1.43539	-0.650338	1.03779	-0.623432	1.85655	59.1825
-1.08492	1.16423	-0.741002	-0.69208	0.557025	58.6917
-1.0445	-0.656765	0.537434	-1.66363	-0.327498	57.3593
-1.79177	1.84471	-1.11418	1.73426	0.715001	58.3135
0.0549299	-0.325099	-1.77507	-1.49308	0.717973	61.0847
0.321665	0.0357639	-0.190421	-1.05627	0.513652	46.6196
0.807062	-1.80388	1.67811	1.37248	1.28854	57.2972
-1.73657	0.670448	0.402192	-1.26452	0.494681	56.2035
0.566422	-0.105683	-0.0491171	1.99154	0.561634	50.4943
0.686122	-1.67172	0.270309	-0.605347	-0.129176	49.8792
1.84649	1.90985	1.86369	-0.790611	0.0553736	62.5291
0.989252	-1.05766	0.181692	-0.722294	-1.63824	52.7299
1.8535	-0.444192	1.02215	0.642551	-0.394782	57.1241
-1.91298	-1.24296	0.413937	-0.0043454	-1.62267	62.8772
1.23246	0.792284	-1.84666	1.52474	-1.86346	64.997
-0.225727	1.2469	1.63111	-0.202446	-0.3378	53.5043
0.0666557	0.123129	1.63858	-1.47639	-1.48935	61.0098
-0.219341	1.09562	0.29391	-1.68101	-0.395572	55.3334
1.89939	-1.82608	-0.653267	1.65889	-0.774859	56.1829
0.4609	1.87685	0.867333	1.73393	1.35461	64.3928
1.99287	-1.64539	1.78399	-1.12154	0.699544	59.9922
1.35733	-0.825312	-1.95127	1.22946	0.0380986	60.9953
1.57216	-1.16108	-1.31875	0.0938403	1.92548	54.8388
0.42778	-0.85024	1.48625	-0.937891	-0.569613	55.606
-1.66531	0.441986	-1.87682	-1.71086	-1.93236	63.2111
-0.247545	1.75947	-0.583326	-0.164879	1.39783	57.692
-1.69674	0.729925	1.52348	0.853235	-0.246367	54.4709
-0.0758333	0.956054	-1.13287	-0.391344	0.138424	49.9843
1.54733	-0.528664	0.262743	-1.72711	1.23518	59.3216
-1.72357	-0.93724	0.051086	-0.512531	-0.607328	59.4643
-0.623357	0.489283	0.270508	-1.19981	-0.918623	51.4972
-0.839821	0.42095	0.0472099	0.0796835	1.84207	56.4281
0.0498528	1.70298	-1.03632	-1.03581	-0.134353	50.2403
-0.670847	-0.283825	-0.830081	1.48545	1.82095	60.3882
-1.72876	1.51181	1.98584	-1.54497	0.6735	68.0683
0.970496	-1.31156	0.722432	1.9265	-0.741348	58.9793
1.05907	0.0967438	1.46014	-1.67921	0.453102	56.8912
-0.120534	1.32365	-1.78129	0.0714961	0.41242	49.6776
0.95173	1.83834	-0.984096	-1.39619	-1.22148	53.9934
-1.57899	0.0863931	0.342421	-0.753449	1.11618	50.4398
0.946311	-1.95574	-1.1756	-1.83116	1.68469	56.8563
-0.612901	1.46797	1.45032	0.691532	0.894912	61.0813
0.375747	1.84119	-1.07648	1.65823	-0.0449545	57.9973
1.6816	-1.77402	-0.0751115	0.164584	-0.359693	51.1863
0.611241	1.47018	1.4732	-0.984396	-0.259897	59.269
1.55102	-1.2079	-1.59315	1.10256	-1.8687	56.2613
-1.76722	1.80868	0.398959	1.28082	-0.0914084	57.8921
-1.4546	-1.97252	0.786119	-1.23893	1.80213	57.7273
0.915433	1.07523	-0.279738	-0.847948	-1.41304	51.8935
-0.146797	-1.27936	0.506598	-1.71245	1.90817	58.4628
0.182983	1.47355	-0.349699	-1.47419	-0.100295	60.3213
-0.982073	-0.557482	-1.74826	1.30423	1.6008	64.4633
0.715746	1.61379	1.3108	0.245791	-1.91054	62.5551
-0.610045	-1.65723	0.338211	0.51466	-1.96289	53.8908
-1.86855	-0.781273	-0.83574	-1.63095	-1.68781	64.7827
-0.215782	1.18862	0.03067	-0.413393	-1.778	53.363
0.0731762	0.705886	1.94466	0.741303	1.12553	51.1944
1.14839	-0.920784	-1.3209	-1.84763	1.52295	62.5557
1.46579	0.987737	-0.42729	0.442764	-1.47409	58.4759
1.20587	0.449551	1.39496	1.09028	-1.5708	58.784
0.0405944	-1.48236	0.331127	0.372056	1.24782	51.8867
-0.143205	1.13374	-1.2294	-1.7272	-1.03798	50.2605
-1.05802	-0.206458	-0.0959243	-1.96854	0.965189	47.8335
0.15741	0.690441	-1.27636	-1.00563	-1.00121	50.5621
-1.6818	-1.38388	-1.10087	0.535569	0.245943	56.4554
-0.55319	-0.223537	1.3821	-1.43798	1.05455	55.8075
1.99237	0.469886	1.58176	0.807657	0.257205	57.9558
-0.870134	-1.42107	0.918898	-1.50786	-0.852817	59.1571
-0.76683	-1.34944	1.89468	0.455268	0.0160817	51.9523
-0.454421	-1.64123	0.444137	0.255549	1.4345	62.8107
-1.93836	1.0227	-0.476999	-0.460116	1.908	56.3452
-1.53262	-1.09964	-1.46718	1.10761	0.955988	57.257
1.56833	1.04631	1.8025	-0.95536	-1.3495	59.9648
0.638618	1.77424	0.557126	-1.79812	-0.832092	55.5079
1.36222	-1.08443	0.368244	1.80807	0.973262	51.9826
-0.0872294	0.361717	0.144807	-1.61137	0.0608505	47.6331
0.837516	1.89132	0.224001	1.06	1.37359	50.6407
-1.37277	1.31059	-1.71071	0.115946	-0.512345	57.2011
-1.74368	0.706872	-1.59046	1.39896	-0.144334	58.7928
-0.362987	0.987769	-1.78281	-1.45149	-0.0263481	55.811
-1.66494	-1.61082	-0.576093	1.05678	1.60646	60.794
1.83183	1.19818	-0.314777	1.92352	-1.1017	61.1607
-1.1887	1.29487	-0.903883	0.333253	1.27114	56.4518
-1.87348	-0.0797345	1.50829	-1.97132	-1.42897	61.0587
-1.13235	-0.183615	-1.48958	0.211168	1.56002	55.4878
-0.828287	0.748198	-1.40974	1.75388	-1.27037	60.1612
0.502055	-0.50408	-0.0660812	-1.42586	0.647388	54.4309
-0.667136	0.0328849	0.34198	1.14561	0.865697	55.0146
-0.411298	-1.73866	1.15561	0.625586	-0.0110732	51.6877
1.92012	-0.756481	0.413959	-0.877411	-1.54664	59.5052
0.0597314	-1.56783	-1.69906	0.173848	-1.36226	57.1399
-1.49652	-1.21988	1.81146	0.292805	-0.990483	60.6673
-0.576477	-1.83658	1.60884	-1.97797	-1.65599	68.752
0.138652	-0.706782	1.36731	0.899011	1.0975	53.0739
1.42716	1.99704	-1.60192	0.68271	-0.3881	62.3017
-1.84046	1.71232	0.106529	0.189499	-1.10343	58.0954
-0.389342	-0.319487	1.53701	-1.66034	0.139917	52.2817
0.550498	1.89761	-0.567805	0.467396	0.943457	60.3877
-0.826374	1.7075	-1.58223	-1.19524	1.31152	55.165
1.67733	1.94382	-0.286519	0.0626214	1.31079	56.9995
-0.935928	0.779438	-1.92525	1.34768	0.562082	60.237
0.449906	-0.61383	0.0361551	1.3564	-1.014	50.0375
0.267933	-0.386475	0.312586	1.43363	-1.73399	62.2592
-1.08504	1.20043	1.24276	-1.36578	1.39625	62.3008
1.22067	-1.92903	1.08971	1.78309	1.0295	59.2434
-0.0175513	-0.997014	0.988601	1.14766	-1.56011	49.8778
1.34333	0.0479725	0.211523	1.01754	0.711005	48.3601
0.695002	0.794415	-1.96356	0.847721	1.95984	60.4987
0.422492	-0.0314989	-1.70882	-1.19573	-0.231263	49.4039
-1.3679	-0.731314	-1.14319	1.48408	-1.43473	64.2599
-1.37754	1.80874	1.61778	-1.39274	0.352035	64.8185
-1.40553	-1.61811	-0.199622	1.74795	1.30423	59.7719
1.09568	1.14947	0.0365232	1.69121	1.90007	61.2105
-1.4349	-0.619968	0.232533	1.25609	-1.32322	59.0023
-0.335333	1.1866	-1.60058	1.56582	-1.03392	53.2088
-0.922045	-0.83167	1.24439	-0.281998	0.512418	55.3493
1.07242	0.170021	-0.35131	0.471823	-0.653999	52.7189
-1.81852	-0.589251	0.967485	0.892014	-1.13065	50.8287
1.80157	1.1426	-1.45359	-1.53671	1.08087	60.3083
-0.620016	1.86438	-1.03942	-1.13281	0.457706	57.5026
-1.62619	-1.85329	0.557523	1.79143	-1.69724	69.303
-0.673899	-1.13778	0.855359	-1.39123	1.20472	58.3372
0.64849	0.546467	-1.95634	1.5331	-1.50947	61.7425
1.00278	-0.382741	1.35314	-0.0317752	0.54837	58.4275
-1.39738	-1.33891	0.896244	-0.130486	0.339024	52.3101
-0.525206	0.60941	-0.273646	-1.19918	-0.220832	54.1573
-1.8804	-0.711222	0.960732	0.206677	-0.286085	58.4088
0.740452	0.103951	-1.65878	0.97318	-0.965396	57.2783
0.346504	1.98394	-1.24806	-0.00889106	-1.64854	62.0903
0.331786	0.852823	-1.16036	-1.01343	-1.04172	49.1049
1.14747	-0.0392953	-1.14277	-1.7025	-1.67183	56.8892
-0.864158	1.74931	-1.83679	0.803059	1.64377	56.6652
-0.314126	-1.32076	-0.0141875	1.50055	-0.00169577	49.0683
-0.614317	1.82406	-1.41681	0.361897	0.277347	61.3826
-1.63348	1.22889	1.70485	0.223573	1.03859	60.2093
-0.119485	1.11662	1.11132	0.0905538	1.97739	52.8658
-0.736984	1.7696	-1.1352	1.90688	-0.759106	62.1901
-0.35661	-1.43463	1.73513	1.0866	1.36338	65.0344
-0.956588	1.14264	0.334847	1.43491	-1.70128	52.8316
-0.381768	-1.22402	-0.995897	-0.727587	0.613572	52.392
-1.48053	-0.118969	-0.246909	-0.324581	-0.670229	54.5334
-1.84012	0.363309	-0.722021	-0.531813	-0.475239	57.9439
-0.690208	1.40565	-1.14642	0.932573	-1.88902	51.9764
1.17832	0.304812	-1.30755	-0.480539	-1.21158	55.3405
1.89481	-1.57616	0.243862	0.464066	-0.0812171	57.6481
-0.12932	-1.00522	1.6738	-0.302903	-0.982292	55.6411
0.11766	0.0851503	0.664845	1.00195	1.05282	48.55
1.27883	-0.159814	-1.08164	0.165858	-1.67682	52.7501
1.03045	-1.48781	0.237107	0.347812	-1.26271	56.7506
1.22782	-1.4018	-1.71289	1.47515	1.85754	64.5693
-1.55067	1.58123	0.388866	1.78507	-1.95439	59.6643
1.3722	1.55876	1.86009	-1.10031	0.852064	58.1067
-0.239786	-0.25469	1.48748	0.123561	1.95593	55.4628
0.386635	-0.570222	0.41033	-1.07632	-0.669791	55.9829
1.06212	1.61914	-0.450716	-1.87971	0.327174	52.8636
1.87993	0.987099	-0.609234	1.10352	-1.52636	59.9725
1.22349	1.44492	0.118863	-1.91953	-0.297849	59.1079
0.85726	1.24541	1.89059	1.47569	0.614227	56.3819
-1.79561	-1.95444	-1.39071	-1.24528	0.655831	58.5777
1.5637	-1.68891	-1.94113	-0.560521	0.0388774	54.9264
-1.60352	-0.00939987	-1.66656	1.2091	-0.952031	55.67
0.382655	-0.646167	0.158055	0.447092	-1.25325	57.9152
-0.123767	-1.74727	-1.856	0.506764	-1.75629	60.6907
0.596064	1.3759	-1.93996	-1.54822	1.73438	64.3355
-1.10274	-1.81663	-1.75425	0.511868	-0.858388	56.5735
-0.228677	-0.74427	-1.73441	0.505816	-1.69473	56.3398
1.36617	1.23493	-0.866012	1.7378	1.35194	58.9738
-1.27049	-1.61253	-1.31479	0.880631	0.360159	53.3963
-0.681043	-0.753709	1.49058	-0.905083	-1.44762	62.8737
-1.98185	-1.68637	-1.6593	1.77954	-0.897103	58.702
0.669865	1.37961	1.11124	1.27027	0.030758	49.8601
-0.146097	-1.18639	-0.571846	-0.72016	-0.202616	56.8019
-0.849458	1.86661	1.00392	0.179943	-0.576101	55.9375
-1.31903	-0.732669	1.25974	1.8832	0.671429	58.1822
-0.861657	1.6049	-1.0321	1.74507	-0.209794	58.1117
1.58862	-1.93234	-0.65255	1.67383	1.04631	57.5655
1.4079	0.35963	-0.868249	0.904481	0.469144	58.6958
-1.69256	-1.82834	1.03043	-0.684836	-0.889781	61.0513
-1.60602	1.26573	-1.33549	0.515333	1.11286	62.0571
1.65408	0.687377	-0.601552	1.11392	-0.134019	57.9202
1.40673	1.96428	1.00399	-1.10301	-0.710602	61.9912
-0.891399	-1.67338	-0.954017	1.44893	0.0621862	52.0393
-1.18462	-0.625252	-1.31897	-0.87388	1.90164	62.2644
-1.03305	0.65008	-1.29604	-1.19166	0.14599	57.8217
0.729616	-0.875826	1.65283	0.987953	0.49623	50.8267
-0.986237	-0.422997	-1.56935	0.554995	0.796223	52.6461
0.0898333	-0.352639	-1.85506	0.209012	-1.03293	56.8015
0.656338	1.0837	1.41319	-1.81507	1.60119	63.4334
1.51061	0.735603	-1.47068	0.541536	1.38483	59.7641
-0.0629399	1.74341	-1.31944	1.85069	-1.92018	65.3668
0.590119	-0.318618	-0.424666	-0.665837	-1.33807	56.0458
-0.936459	1.45732	-1.73047	-0.850873	1.9368	62.0774
-0.977929	0.995494	0.164701	-0.165756	-1.16923	49.8775
-0.219705	-1.71628	0.736662	0.112836	-1.59116	57.9553
-0.607894	-1.15911	-0.0494044	1.67949	0.81337	57.7964
1.77017	0.231401	-0.761786	0.959736	-0.528103	54.6667
-1.51813	-0.235915	1.75245	-0.358803	1.77789	64.2729
-0.523028	-1.87834	-0.361284	1.37492	-0.88556	52.3001
1.9829	-0.0439722	1.00398	-0.229381	1.20684	53.0978
-0.93136	0.885147	-0.886629	-0.9583	1.67727	50.5666
-1.78082	0.684304	-0.708854	1.40552	-1.84053	60.8623
-0.340806	0.173558	-1.11267	1.94991	-1.25684	59.5906
0.206263	0.569067	-0.0270022	1.12631	-0.981315	46.5102
1.14558	0.279305	0.912465	-1.13676	-0.430685	53.7284
0.541147	1.79649	0.743616	1.88973	-0.438593	61.6482
1.53689	-1.13481	0.777011	-0.750259	-1.66233	58.2437
1.36357	0.798895	-1.54667	-1.57728	-0.717944	59.0812
0.264208	-1.28088	-0.758638	1.5352	-0.595508	57.5963
1.99241	-1.88433	0.63126	1.71654	-0.983511	59.9793
-0.92765	0.82028	-1.96986	0.0316414	-0.226914	53.0741
1.07959	-0.0480891	0.369658	0.383801	1.92641	56.0182
-1.51207	1.74673	-1.56003	0.0210442	1.96458	59.7636
1.48178	1.49166	-1.47306	0.0996261	-0.518094	60.0299
0.488032	-0.698195	0.84508	0.425005	1.11838	52.7052
0.48144	-0.983142	-0.541337	-1.34317	1.64955	57.5431
1.97567	0.835327	-1.71967	-0.435368	-0.179617	56.9611
0.899048	-0.633615	-1.97835	-1.87228	1.86861	63.1964
0.0908415	0.735756	-0.0466217	-0.627599	-0.00813559	46.9757
0.657199	-0.0258186	0.26838	0.87257	1.12365	50.7983
-0.788836	-1.42809	1.13525	1.18249	0.313924	50.9906
0.505404	-0.114282	-1.01544	-1.82232	0.813172	53.1702
-0.122155	0.183877	1.02406	-0.222974	-1.25039	54.4669
1.76151	-1.92191	1.97075	0.19664	1.38624	62.3522
0.991997	1.60697	-1.78163	0.765296	1.66928	63.0933
1.64987	-0.860523	1.37126	-0.0804313	-0.529328	55.8127
-1.42489	-0.78722	1.28534	-1.18091	-1.67701	58.2221
0.23102	0.35223	0.0782197	1.48952	-1.5471	54.0946
0.671158	-1.68028	0.0450774	-1.27199	-0.361718	54.075
-0.252866	1.23504	-1.70379	0.224241	-1.48842	56.0703
0.983054	-0.664593	-1.65383	-1.25475	-0.730595	59.3123
1.3495	1.67385	1.51218	0.349943	0.837122	64.0316
1.36983	0.699875	-0.180761	-0.31446	-1.03948	57.861
-1.85297	-0.206868	1.73405	0.248696	-1.42809	54.0091
0.685336	-1.00228	1.21963	1.94355	-1.48428	53.5488
1.03296	0.180649	0.762705	-1.78679	1.39943	57.0483
1.72184	0.809025	1.96861	-0.22515	0.284506	55.9537
0.799975	1.82219	1.60706	-1.67029	-0.252366	58.7281
-0.00172012	0.900509	0.274753	-0.656852	1.98677	49.4435
1.37997	-1.55948	0.644496	1.03314	1.6877	65.1734
0.94627	1.08231	1.28468	-1.0462	0.508532	49.233
-1.50203	0.688152	-1.57792	1.97893	0.266354	60.5792
0.0844803	-1.96841	1.19865	0.867504	0.359442	56.1622
-0.887891	-0.622295	1.03127	-0.910162	1.80619	54.1155
0.818939	0.507347	1.68403	1.52084	0.284808	53.0971
-0.683162	0.833252	1.29371	-1.07209	-0.165917	55.4271
-1.90081	0.360639	1.79274	-0.0794569	1.59088	59.6111
-0.159042	0.0286982	-0.606356	-0.313715	-0.270315	53.3631
1.97497	-0.576268	1.10559	0.220197	-1.99531	57.4108
0.926867	-0.00406578	0.175955	-0.88482	0.320941	46.6575
0.0241226	-1.18769	-1.80343	-1.86273	-0.318116	51.2325
0.975211	-1.70313	-0.192894	1.58564	0.2706	57.5436
-0.377126	0.577173	-1.20173	1.05235	0.104894	53.1296
-0.419963	0.0716664	-0.528012	-0.877282	1.90471	58.0743
0.253377	-0.696916	1.87481	0.932957	-1.65733	51.8351
-0.480753	1.89532	0.0892913	1.32405	0.767075	57.5451
-0.361105	0.197698	1.18963	-0.515415	0.148824	47.5237
1.21395	0.558881	0.271466	0.873828	0.264046	55.5676
1.43319	1.78255	0.753136	1.56267	-1.89966	66.4148
-1.53254	-1.18348	-0.964686	-0.227521	1.47731	60.2291
-0.803941	1.51085	-1.59328	-1.99741	1.44093	58.5563
0.178101	-0.730271	-1.45583	-0.576152	-1.10029	55.5052
-1.17255	-1.60903	-1.46154	-0.720334	0.887683	60.433
-0.700484	-0.0446009	-1.85893	1.13412	0.627094	54.3729
0.552478	-1.62115	-1.20409	-1.85901	0.949285	55.6165
-0.0116982	-1.68263	-1.44259	1.59202	-0.756104	62.7169
-0.210079	-1.67302	-1.87559	-0.596966	-1.88911	55.6571
0.641841	-1.08615	0.163303	0.694215	0.764297	55.3228
-0.671462	-1.70602	-1.63367	-0.641549	-1.09527	61.2137
1.55598	-0.244507	1.32162	1.46471	-0.106015	62.5457
0.290163	1.79182	0.659156	-0.547582	-0.556195	60.1684
1.37965	0.742636	-1.25869	-0.626839	-1.37375	57.3771
-1.17776	-0.515843	-0.180151	-1.63772	0.381146	54.9064
0.0292425	-1.83231	-0.283339	1.03255	-1.64936	56.1229
-0.627971	0.041474	1.05773	1.27461	1.59399	60.4487
-1.61926	-1.48876	0.681307	1.06551	0.133025	54.1657
0.931126	1.03598	-0.633484	0.699859	-1.54846	52.515
-1.08359	-0.580594	-1.66249	-1.4487	1.10885	55.3932
1.9602	-1.8819	1.92873	1.40726	0.128396	65.4874
1.41877	1.57624	-0.882147	-1.10184	-1.78528	55.4993
0.0302617	1.85747	-1.54262	-0.193078	-1.83434	53.1158
0.786586	0.621347	-0.987797	1.67543	0.0625835	53.2795
-0.368415	1.71966	-0.0782836	-1.7087	0.823603	56.4928
1.79146	-0.662093	-1.57122	-0.705981	1.86441	57.2216
1.7993	-0.781792	0.095358	-0.990868	-1.72836	53.4095
-0.331116	1.93778	0.810386	0.247963	-0.793412	53.5819
1.37405	1.54121	1.8882	-0.321365	-0.129866	58.0174
-0.335642	-1.56258	0.137522	-1.91482	-1.12392	55.0162
0.394484	1.58953	0.968583	0.493502	-0.187235	59.0291
1.7825	-1.06556	-0.687963	-1.21236	1.643	57.4325
-1.26745	-1.24215	-1.2124	-0.771512	1.56102	54.1911
-0.64504	0.357284	-0.183724	-0.300215	1.07347	55.1914
-1.22519	0.0924778	-0.0793735	-1.43704	0.00469999	47.5041
-0.846108	-0.493134	-0.412329	-0.772072	-0.53907	54.6722
0.454121	0.367501	-1.44587	-0.276037	1.00893	58.5808
0.377616	-0.160767	-1.30667	-0.221717	-1.72828	50.4201
0.124331	-0.975358	0.461166	-0.245718	-1.28841	50.2888
0.296137	-1.57017	1.74139	-1.43174	0.134122	53.819
1.9219	1.54403	-1.02145	1.33793	-0.931552	63.1626
-1.17432	-0.9721	-1.51599	1.64603	0.485947	54.0263
0.777275	-0.0306215	1.52367	0.578722	-0.191731	56.8768
0.945732	-1.52826	0.379403	-0.529143	-1.25183	60.9729
-1.96694	-1.31265	-1.76414	-1.94459	-1.33358	66.9302
1.46986	1.99798	0.0258342	0.467571	0.146793	57.9945
-0.47301	0.191456	0.312148	1.16111	0.976792	55.2764
-0.650648	-0.075885	-1.0436	-1.13679	1.15816	55.8217
1.66323	1.99806	-1.71687	0.857868	0.0751992	63.3481
-0.719433	1.19635	-0.821357	0.150078	-1.6128	51.0064
0.308016	1.41605	1.83549	1.85037	-0.758749	57.747
0.562269	1.51255	-0.920149	1.36691	-1.25759	53.97
-0.193112	-0.941085	-1.5076	-1.34645	1.22726	61.1915
-0.830188	0.916935	-0.61505	1.93884	0.929333	49.7731
-1.8875	-0.74447	-0.617073	-0.682202	0.378389	55.1321
1.7592	0.667273	-0.244329	-0.754077	-0.389776	54.3583
-0.171733	1.46476	0.603325	-1.60592	-0.317113	53.6744
0.311815	-1.26894	1.6781	1.93174	-0.589884	57.0934
-0.429886	0.752948	-1.12813	0.935568	-0.456191	50.6767
0.16354	0.0429709	0.90757	0.533719	-1.95621	52.6624
0.823222	-0.334408	-1.36165	1.21141	-1.68945	57.8038
-0.890005	1.21753	-1.52197	0.241367	-0.289692	51.6465
-1.53401	1.87552	-0.364287	-0.604484	0.0885526	62.3976
1.71943	-1.93467	-1.20701	-1.85027	0.307299	61.6534
0.271937	0.441279	-1.0634	-1.48229	0.159176	55.3085
0.233027	0.866465	1.15186	-0.658791	-1.77532	54.201
-0.599756	-1.32724	0.755584	-1.80866	-1.0585	53.6098
-0.83997	-1.78331	-0.901067	0.499358	-0.000954664	54.9924
1.79173	0.115263	1.37221	-0.366865	0.917249	56.6825
0.889395	-0.668463	-0.51382	0.120244	-1.32371	58.0022
0.861152	-1.50702	-1.64023	-0.919018	0.67893	54.1059
-0.593853	-0.807404	0.635438	-0.0993168	-1.0614	54.022
-1.3321	1.17844	0.535299	0.814905	0.777395	56.2881
-0.253012	-0.357727	1.29095	-0.56304	-1.9359	53.4161
1.98339	-0.540637	1.71501	0.421302	0.64006	57.0845
0.623024	1.80431	-0.958947	0.417928	-1.30914	54.8151
1.03095	0.884861	1.08567	-0.650766	-0.433217	52.0181
1.68483	-0.891428	1.78972	-0.0126191	1.44549	58.246
-0.685512	-0.749577	0.363348	-1.79399	0.363743	51.4716
-1.99311	0.624557	1.1367	0.698348	0.197647	55.234
-0.693417	-0.737353	-1.9209	0.424615	0.385097	60.1681
0.164236	-1.5925	1.50264	0.165818	1.09279	55.4655
-0.543426	-1.82894	0.0354189	-1.01403	-0.934415	54.7366
-1.40189	1.02281	0.797594	-1.22603	1.45754	62.8072
1.05921	0.589663	-1.91527	-0.47703	-0.96737	55.3641
-0.747157	-0.569046	-1.76048	1.2324	0.187455	50.8703
0.91746	-1.12918	-1.78117	-0.861748	0.829223	55.4602
1.15423	-0.167322	-0.0973053	-1.81536	1.28094	49.8811
0.0950368	-0.86913	-1.92762	0.109175	1.41068	54.6905
0.812311	0.0393559	-0.557545	1.49823	1.60205	58.3124
-1.31024	1.86895	-0.923027	1.85897	-1.86457	59.2967
0.279136	-1.10416	1.73194	-1.15194	-1.4658	62.2871
-1.16234	1.51772	1.04243	1.55348	-0.626742	58.6964
0.809581	-0.364713	-0.18318	-0.727412	0.689473	50.659
0.444786	-1.42655	-0.54049	0.0656086	-1.28862	54.628
-0.299799	1.82838	0.818708	-0.101903	-0.107269	56.115
-0.378066	-1.6461	-0.899905	0.929715	1.0812	57.7047
0.853001	0.301551	1.39813	-1.52941	-1.79908	61.9278
0.0557784	1.15131	0.0917839	1.49236	-0.764442	55.3331
-0.7035	-0.496233	0.289415	1.41292	1.71645	60.1145
1.30528	1.37315	1.11151	1.54447	-0.146103	57.2815
0.460501	1.3874	1.14122	-1.05321	-1.64496	55.7
-0.776726	-1.31735	1.12409	-1.762	-0.673775	53.0833
-0.202996	0.691858	-1.36132	-0.952418	-1.39454	57.9983
1.17137	1.07662	1.41475	0.896724	1.03879	58.48
-0.702855	0.483782	-0.74826	1.10569	0.196843	54.3135
0.67756	-1.16346	1.63676	0.507959	-0.984116	56.2971
-0.458945	-0.0428024	-1.79412	-0.359108	0.0276986	49.7621
1.09583	1.43235	0.191988	-0.574273	0.0453646	50.0879
0.613797	1.81168	0.85586	-1.74137	-0.198264	55.2492
-0.871207	-1.62438	-0.840302	0.00252396	-0.250981	52.6554
1.21454	1.97015	1.59031	-0.343556	-0.950976	55.242
-1.85779	-0.383939	-1.4203	-1.2701	-1.74316	55.904
-0.0462879	-1.13952	1.87084	0.496124	0.923879	52.6517
0.429884	0.0794618	-0.367555	-1.24568	-1.95693	53.7541
-0.0874241	-1.03653	-0.84883	1.4804	1.18592	49.8411
-1.36378	0.265784	-0.801645	-0.56339	0.413403	54.7217
-0.418845	0.659243	-0.0307082	0.750391	1.24768	49.4248
0.029194	-1.52857	1.83203	0.0382953	1.57515	59.3316
1.77891	0.367013	1.33193	-1.2262	-0.885646	54.5698
-0.187212	-0.351692	0.233436	1.76317	-1.23977	59.7541
1.69556	0.84138	0.0194935	-0.866168	0.838627	50.0092
1.72713	-1.41541	-0.287037	-1.2396	1.65401	55.5818
0.723844	1.55056	-0.387856	1.71419	-1.82162	62.2189
0.228752	-1.19004	-1.77506	0.217098	-0.782359	51.5029
-1.55001	-1.87857	0.614354	0.15165	-1.23835	57.0302
1.72891	0.126734	-1.70732	-1.68937	1.06248	53.7342
1.64966	-1.91495	1.65141	-1.29518	-0.189028	61.0446
0.496713	-1.89314	-0.186331	-1.82093	1.05676	55.0545
-1.73265	1.15071	0.292299	-1.46947	0.776972	56.0417
1.7747	1.61064	-0.479261	1.00148	-0.50266	54.7155
1.93193	-0.165475	-1.72519	-1.03774	-0.262931	59.0739
-1.93589	1.0216	-1.28924	1.88726	0.491044	55.2989
1.82839	-1.81996	-0.188	0.769585	0.996764	54.7582
-1.22118	-0.695074	1.30371	1.2937	1.45436	61.5498
-1.56949	1.91718	1.97393	-1.77027	0.337343	61.4749
-0.794828	0.678531	0.640416	-1.91389	0.498676	57.4753
1.29984	0.335721	0.0423855	-1.93096	0.338196	54.571
1.45389	1.84064	-1.82619	-1.64988	-1.52035	64.7549
0.966368	0.926071	-0.841863	1.38336	0.727273	51.8086
1.12011	-1.67467	-1.59826	0.115396	-0.723746	61.6779
0.857908	-0.491122	0.227422	-0.969905	0.125494	45.9806
-1.54146	-1.93592	1.69934	0.215387	-0.853992	60.5093
1.12156	1.81353	-0.872928	-1.05342	-0.215361	55.6359
-1.78266	-0.562229	1.70921	0.808664	-1.85035	64.1485
0.270386	-1.02553	-1.04362	1.80485	0.207332	52.0278
-0.314261	-1.85267	1.17735	-1.05831	0.147855	54.4165
-0.551752	-0.474071	0.164896	1.65102	-1.3739	61.931
-0.0966535	0.016904	1.55163	1.03991	1.1096	54.7273
-0.877133	1.41798	0.453683	1.27666	-0.15638	58.1317
-0.0389506	-1.08378	-1.92413	1.27077	-0.925948	58.7114
1.46454	-1.42752	0.884516	1.19624	-1.47239	57.3257
0.0636689	1.26968	-0.850002	-1.18407	-1.01966	49.92
-0.268123	1.41267	-1.30625	1.95803	0.398554	53.6151
-1.72171	1.19075	0.671988	0.525269	0.86071	60.4345
0.436375	-0.497848	1.98679	-1.76415	0.695841	56.1939
-1.786	1.82685	1.46576	1.98106	1.2536	64.7596
0.781632	1.03335	0.149181	1.43113	-1.491	51.061
0.75952	1.45068	-0.942217	0.181057	0.396872	52.4719
-0.26795	-1.12805	1.10095	0.172042	0.00690011	49.7301
0.280563	-0.94493	-1.88149	-1.88569	1.52652	55.0055
1.066	1.05753	-0.626868	-0.43475	0.419958	57.4103
0.304588	1.87948	0.957254	-1.3403	0.498794	56.7696
-0.352175	-1.8221	0.873288	0.268905	1.90437	52.1281
0.245672	-0.748397	1.51324	0.484154	-0.0762087	58.5765
0.780923	1.74829	-0.751971	1.78904	0.311219	52.295
-1.08721	-0.401232	-1.17046	-0.0105138	-0.376108	51.529
-1.08758	0.985122	1.87199	0.87773	-0.0383887	55.3296
-1.58876	-1.13044	-1.99295	1.52534	1.1035	62.4969
1.96625	-0.538245	-1.40428	-0.229394	0.397911	57.8291
-0.262933	-1.4847	0.359221	0.748557	0.0818563	51.1273
-0.387749	-1.09473	-1.03393	-1.30914	0.588542	54.6464
0.875409	-1.26022	0.249812	1.46816	0.589213	57.2226
-1.74015	-0.131446	0.255565	0.717044	0.0249938	53.8302
-0.224436	-1.86783	1.29669	1.61059	1.45327	65.9951
-1.36944	-1.05361	-1.3974	0.771606	0.157929	56.5222
0.374458	-1.99543	1.21817	-0.767357	-0.231119	56.6379
-0.239349	-1.27163	1.83939	-0.834916	-0.755624	50.3392
-1.21133	0.853691	1.5737	0.858407	-1.06009	59.4235
0.893791	-1.32378	-0.817808	-0.347146	1.26077	57.5603
-1.96534	1.36001	-0.637726	0.188418	1.43875	57.3108
1.31953	-1.82215	1.13835	0.982635	1.67034	59.5278
0.6171	0.00469832	-0.868469	-1.26404	1.36979	50.0895
-1.96548	-1.11659	0.749308	-0.981888	-0.233458	51.7219
-1.07576	-1.19816	-1.78576	-1.19323	-0.885289	52.6844
0.532043	-0.936012	-0.388155	1.83174	-0.71256	57.9667
1.78145	-1.39574	-0.0732939	0.7928	-1.84651	56.8698
-0.484625	-1.28664	0.933258	-0.363565	-0.98879	50.0696
-0.473811	0.0671288	1.30885	-0.610362	1.22683	59.8185
1.14654	1.18069	-0.463263	-0.455701	1.09246	49.5006
-0.636182	-1.73237	1.04137	-1.52622	-1.66307	61.5001
1.43799	-0.100697	-0.520296	1.03821	-0.18554	50.0137
-0.27651	1.01584	-0.0467036	-0.186346	-0.0031839	43.6523
-0.803804	1.33108	-0.158361	0.192918	-0.652284	50.6326
1.61407	1.9882	-0.743904	1.80523	-0.674025	64.9908
1.83167	-0.72081	1.84659	-1.02471	0.288191	56.2205
0.493818	-0.727684	0.84745	-0.843127	-0.0628687	48.2176
1.38632	-1.31761	-0.754187	0.0987306	1.38725	54.3857
-0.653252	0.966746	0.489499	-1.77952	-1.45368	59.9924
1.13113	-0.054404	-0.490833	1.3666	-0.822555	53.6729
1.46899	0.255469	0.733755	0.299538	-1.98434	56.6452
0.752805	-1.23124	1.96381	-1.4735	-1.08122	63.5291
1.94478	1.1379	1.557	1.70623	1.64536	57.6494
-1.79155	-0.408576	-1.10492	-1.47977	-0.777663	59.1619
-0.3906	-0.113676	-0.807334	1.07051	1.48857	52.3197
-0.278967	0.479155	1.8117	1.73015	0.530623	62.8785
0.702153	1.37963	-0.0150281	-0.781357	-1.74531	60.3881
-0.739303	1.46235	1.73272	0.175068	1.41102	57.4732
-1.17588	1.53351	0.578449	1.06387	-0.816111	54.8335
-0.0776514	-1.93496	0.519769	0.101157	0.42281	52.9457
0.0904176	-1.41934	1.09923	0.107817	-1.38301	57.5977
1.29402	0.0164962	-0.31879	-0.0934254	-0.791302	55.6111
-1.66697	-0.326318	-0.991079	0.225367	1.79389	60.0714
0.771369	1.96355	-1.05888	-0.192023	1.06569	51.829
-1.71152	-0.513553	1.14917	-1.74359	-1.83587	58.6507
0.83508	-1.66693	-1.2098	-0.780778	1.1117	57.7912
1.77541	-0.977543	1.14738	-0.531802	-1.53488	53.0247
-1.72957	-1.88519	-0.0776467	1.08118	-0.610785	52.5281
-0.711145	0.961653	1.01914	-0.191822	0.126007	53.2213
1.51277	-0.386874	1.03317	-0.98902	-1.11559	51.4737
-0.804935	-0.783503	-1.74031	0.429863	0.575714	55.5525
-0.722611	1.13909	0.507295	-1.77142	1.22048	54.6378
-1.63513	0.883512	-0.991289	1.38656	-0.16071	51.6411
-0.35577	-0.593282	-1.68455	-0.27001	1.64973	62.7821
-1.16445	-0.10842	1.20351	-1.85676	1.02656	56.8396
-0.550005	-1.94891	1.13631	1.12311	1.84402	60.4534
-1.41839	-0.228906	1.05004	0.453943	-1.49653	58.5061
0.181988	0.704064	0.81567	-0.96685	-1.40946	50.2419
-0.735037	0.171134	1.30525	-1.97678	-0.0919638	59.2098
-1.08255	0.580037	-1.12515	-1.09337	-0.0745388	50.5204
-1.00613	0.916497	1.95225	-0.766301	-1.77839	59.6925
1.79775	-0.852741	1.19311	-0.522557	0.81466	59.5638
1.14856	-1.21578	1.31242	-0.0896761	1.4704	56.401
1.79325	-0.0696467	-1.05537	-1.8022	1.32719	57.3736
-0.432995	-0.0889435	0.777723	-1.75209	1.39707	61.5831
0.742888	1.57309	1.93258	-1.02948	0.416806	55.0125
-1.30385	1.27198	1.3551	0.438349	0.184033	53.5672
1.82701	0.771089	-0.103291	0.978917	0.55494	51.0769
-1.02782	-1.83749	-1.63266	-1.24631	-1.45996	59.6756
0.852905	-0.0525018	-0.113288	-1.39095	-1.42779	55.7063
1.10398	-0.622366	0.725099	-1.27197	0.0607147	49.3304
-1.45917	1.9283	-1.86572	0.62434	1.8521	60.156
1.5984	-1.34495	0.106054	-0.445647	0.950539	58.8608
-1.04742	1.91026	1.40353	1.17655	-1.49166	65.2904
-0.427634	1.58638	1.36509	0.276042	0.977567	56.6122
0.974756	1.37723	0.0742495	-1.33054	-0.597568	55.1188
-0.283335	-1.07886	0.316357	0.189123	-1.8247	48.7916
-0.227564	-1.15341	1.49062	0.883152	1.46119	55.3236
-1.79611	1.18497	-0.175409	1.14529	-0.917546	57.9936
1.35817	0.322327	-1.33621	0.82657	1.92371	63.6025
0.672156	-0.778569	0.620099	1.28774	0.714975	51.7799
1.03521	0.225204	-1.72439	-0.357681	0.215676	48.8778
1.17806	-0.637136	1.92063	-1.61559	-0.540608	61.8139
0.156771	0.95991	-0.984547	-1.75277	1.05521	52.1003
