1.25141	-0.690634	1.8224	1.41733	-1.37298	58.3278
0.592106	1.51498	-1.38145	0.495437	-1.73902	66.9917
0.0186015	-1.09337	1.83643	0.489751	-1.34656	59.756
-0.667771	-1.84897	-0.695558	-0.417184	0.24226	55.6471
-1.77892	1.2831	-0.732823	-0.834426	1.8002	55.6722
1.674	0.325715	0.985506	-0.843689	-1.22737	52.0032
1.04766	1.9654	1.21451	1.35706	-1.20992	56.2229
-1.474	-0.64579	0.918933	1.93039	-1.92538	63.9777
0.883995	-0.268046	0.468078	1.06765	1.62208	50.0496
-1.28618	-0.857892	-0.904553	-0.128667	1.35925	50.0232
0.138619	0.589144	-0.387558	-0.492389	-1.29637	54.1425
0.246946	-1.05528	1.9613	-0.21536	-1.00605	48.6998
-1.10455	1.85005	1.6776	1.14502	-0.877118	57.2677
1.17956	-0.972674	-0.255391	-1.19985	-1.93172	54.9748
-1.251	-0.29982	-1.29831	-1.45823	0.36874	52.6531
1.36145	-0.96184	-0.687445	0.7634	0.784177	54.2078
1.39085	-0.951544	-0.165453	0.0527827	0.907572	53.7867
-1.75952	-1.57361	-0.128293	1.72526	-0.756678	62.3631
1.81543	-0.074395	0.820244	1.99403	1.92156	54.5603
-1.63536	1.10101	0.76442	0.148622	-0.994121	53.6511
1.69616	-0.746038	0.97816	1.29947	-0.495887	54.1467
-0.176315	0.364897	0.745443	-0.551125	-0.491169	57.1969
1.78529	0.274946	-1.7754	-0.933492	0.703117	55.7956
0.76439	-1.84354	0.770441	-1.38291	-1.58548	58.6338
-0.691032	1.93231	1.1218	-0.345051	-1.68139	63.3575
-0.882268	0.30299	1.75985	-0.713034	-0.554172	58.8109
-0.116959	-0.85574	-1.5611	-1.58623	0.313766	56.6131
-0.210033	-0.918641	0.964919	-1.49933	0.491234	52.042
-0.341829	1.16206	1.67846	-0.151774	-0.298845	54.5753
0.950764	0.0831409	-0.944487	1.58185	-1.93507	60.2154
-0.233041	-0.478885	1.44114	-1.89679	-0.0457996	53.7809
-0.84614	1.29245	-0.266257	-1.91941	-0.461868	58.4991
-1.96578	0.94849	-0.0265101	-1.89129	1.20468	58.6163
1.65522	0.611881	-1.08829	1.28078	-1.44643	54.8697
0.248248	0.953488	0.412344	0.61124	0.454747	53.3301
-1.7122	1.666	1.74128	0.0303823	1.77059	58.4801
-0.98056	-1.68947	1.2688	-1.52418	-0.514401	59.4944
-1.31774	1.48349	0.420061	0.764986	1.17623	59.56
0.782733	-1.04359	-1.22112	0.467174	1.33494	59.76
1.96587	-0.208365	-1.82801	-0.219757	0.799083	56.8524
-0.749256	1.57549	0.418901	1.99159	-0.281481	55.9007
1.16207	-1.39041	-0.716869	-1.77246	1.69973	61.6613
-1.7977	0.583954	-1.24216	-0.799622	-0.0778676	55.0913
0.0913385	1.12643	1.65118	-1.24145	1.68635	58.9208
0.531958	1.38701	0.220224	-1.13763	1.87968	60.6941
-0.509	-0.88076	0.318845	-0.300791	-1.13113	48.0718
-0.606831	-1.4547	0.378009	-1.70432	0.2122	54.0219
-0.920331	1.16347	0.93326	-1.66773	0.727313	58.54
0.334908	-0.212932	0.796312	0.685681	0.747314	55.3545
-0.369494	-1.78577	-0.372513	-0.428602	-1.6718	63.6888
0.629431	-1.68601	-0.919151	-0.0320042	0.834645	49.7541
0.486686	1.15782	-1.82382	-0.197695	1.31149	60.1218
0.436653	-0.710242	0.933497	0.766348	1.5907	58.4626
-1.35167	-1.08771	-0.296535	0.769293	-0.968665	56.237
-0.079983	1.06512	1.80584	0.429909	1.99322	51.2582
-1.97987	-1.87982	0.685716	1.8263	-0.535011	58.9109
0.957171	-1.81403	-0.319272	1.13404	0.458361	56.8263
-1.22492	0.555013	-1.85393	-1.23382	0.901503	57.4093
1.86628	0.00520296	1.65938	1.70059	0.795562	55.1375
-1.96236	-1.50154	0.935317	-1.74809	-0.432454	60.2557
1.9427	-0.0459377	0.711754	1.69253	1.41669	62.8276
-1.63904	1.17206	0.976211	1.62843	-1.66095	59.6124
1.59687	-0.988874	1.87434	-1.77424	-0.746874	56.7467
-1.69804	0.296297	1.06701	-1.37352	1.17857	52.7589
0.295507	-0.485266	1.52542	-1.31524	-1.04824	52.0407
1.0106	-0.107154	-1.22831	-1.81594	-0.404648	50.695
0.933818	-1.2243	0.236936	-1.36306	1.87586	52.0604
-0.0408917	-1.26141	-1.1642	-0.72958	1.47213	57.5654
-0.84791	0.499525	-1.17881	1.18259	-1.22841	56.8982
-0.694103	0.210775	-1.85271	-1.21347	1.84516	58.1195
0.68039	0.298627	1.54534	-1.59421	1.5317	63.7748
-1.15507	0.61888	-0.364855	0.95336	-1.06271	51.7837
0.513659	0.90048	1.17072	0.155759	1.86489	53.3475
0.81713	0.573184	-0.590475	0.549716	-1.51828	61.8049
-1.56362	-1.31253	-1.95412	1.45616	0.471485	68.2564
0.828001	-0.627224	-0.484981	-0.43474	0.641828	54.136
0.463128	1.9535	-1.04052	0.226524	-0.598947	52.4753
-1.0331	-0.633869	0.129903	0.909173	1.9431	49.048
1.37324	-1.41563	0.921224	-0.931917	0.680834	51.7625
0.941761	1.97548	-0.795612	-0.839076	-1.45286	57.5874
-1.83111	-0.984316	-1.23489	0.272213	1.0364	50.7616
-0.435043	-0.367009	-1.2831	1.19812	1.3789	52.3307
1.45132	-0.788657	1.63612	-0.895291	1.8778	63.1668
0.379957	-0.165944	-0.465192	-1.2018	-1.38613	53.7493
-0.14154	-1.54811	-0.277054	-1.52188	0.950748	60.1826
-1.63285	-1.63008	-0.837729	-1.9659	-1.2665	60.8376
-0.450729	-0.759573	1.10766	-0.870612	1.22249	51.9072
0.401026	1.70628	0.948909	1.94372	-1.83042	64.0011
-1.312	1.505	0.10166	1.10836	-0.348906	53.4994
-1.50495	-1.31237	-1.47053	0.513854	0.781239	55.3744
-1.41605	1.48871	1.655	-1.92787	-0.916251	67.7724
0.525952	-0.0457165	0.874059	-0.944019	1.86264	55.2648
-1.35065	-0.266859	0.772493	-1.04926	-0.86629	50.0829
0.768669	0.110586	-0.569869	1.6555	1.93243	59.3539
1.66518	1.33256	-0.619146	1.42044	1.07923	62.8422
-1.51012	1.34237	-0.648005	-1.21161	-0.216414	60.5987
-1.50293	-0.197471	-0.853673	-1.94558	-1.18541	55.2411
-1.82742	-0.52375	0.388539	-0.0504843	1.18358	50.6908
-0.386249	-1.03122	-1.07149	-0.377121	1.32386	51.0356
-0.799658	1.10081	1.45723	1.24899	-1.38382	55.1376
0.759959	1.97908	-0.980777	-0.142069	1.65843	52.7311
-0.908595	-1.97804	-1.10841	1.59894	-0.712334	56.8965
1.28197	1.67499	-1.83976	0.732162	-0.672216	55.9507
-1.80769	1.43771	1.97968	-0.453193	0.145975	64.1601
0.24352	-1.81124	-1.74546	0.717434	0.587147	61.3903
-0.230822	-0.202234	0.582708	0.316219	1.77442	54.3858
-0.0683723	-0.583449	0.0923216	1.14119	-0.430411	51.2355
1.28327	-1.46748	-1.23504	1.54729	0.685038	56.9968
-1.89779	1.08834	0.270382	1.06791	0.329837	57.9469
0.885813	-1.24035	0.816352	-1.91634	1.12842	60.1238
1.07131	-0.225727	0.71366	1.53015	0.494222	57.1116
-0.111333	-1.10092	-1.00533	-0.0743707	-1.47888	51.956
1.91521	0.952245	0.895542	-1.38876	-0.460674	54.3781
-1.3773	0.739255	1.4897	1.0425	-1.65594	59.8669
0.476854	1.97462	0.554663	0.298703	1.65424	59.0709
0.590297	0.399861	-1.49267	-0.848822	1.15446	52.3532
1.77744	1.74686	-0.724561	-0.269715	0.327495	59.8151
1.80118	0.105837	1.13804	-0.717016	-0.962031	54.0092
1.52208	-0.0687079	-0.292454	1.0854	-0.282109	52.8178
-0.399836	1.74746	-0.435344	-1.47851	-0.476569	55.9668
1.44874	1.82112	-1.89996	0.306581	0.792891	61.9187
-0.874368	0.719644	1.01338	1.04136	-0.145516	48.8172
-1.57175	1.63938	-0.386495	-0.337763	-1.93492	58.0151
1.56681	-0.799439	-0.394472	0.562667	0.793162	60.1838
1.14031	-0.918078	-1.19469	1.0889	1.62674	59.2854
-1.40397	-0.446415	0.696878	0.278734	1.59965	55.4585
1.98478	-0.546404	1.47762	0.587217	-0.0605651	54.765
1.37821	-0.937375	-1.85248	0.462958	-1.90528	62.3664
1.23273	0.249827	-0.359781	1.63034	0.177992	59.5879
0.870353	0.260731	1.88443	-1.63614	-0.30856	52.254
1.1111	0.68934	1.44684	-0.529782	-1.06269	59.1722
0.362022	-0.439068	-0.963538	0.942708	-0.308661	53.8293
0.541168	-1.14271	-0.26738	0.166283	0.742199	51.7246
0.652959	0.506411	1.4349	-1.93123	-1.59026	58.3538
0.985742	-1.02349	-1.84921	1.32718	0.71126	58.6366
1.68616	0.502116	0.406024	0.701302	-1.88971	62.6204
-0.134603	0.673012	1.17044	0.399389	-1.15145	53.9328
0.647934	0.874372	-1.89523	-1.01294	-0.625104	53.9058
0.122814	1.55902	-0.825575	-0.0605862	1.58039	59.7599
1.88691	-0.249447	0.530242	0.0196828	1.00998	55.8121
-0.729209	0.433172	0.637618	0.0866617	-0.148287	55.5076
1.05347	-1.82867	1.94364	1.65523	1.74926	64.1076
0.580088	1.98906	0.788846	1.14515	-1.42849	61.6839
0.28194	1.83171	-1.24875	0.310411	0.478573	59.7641
-0.0107282	0.240666	1.09072	-0.698534	0.99287	49.1391
1.35198	-0.129897	-0.932384	0.485649	0.0638891	52.0311
-1.28039	0.864774	0.885912	0.306134	-0.286711	49.0089
-1.67584	-0.183424	-0.721567	1.53274	-0.542457	53.517
-0.705112	-0.988268	-1.09907	0.687968	0.0931687	48.6199
-1.34353	-1.15243	-0.791938	0.67752	-1.2435	51.4125
1.81291	-0.798246	-1.61101	-0.383	0.111875	56.7401
-0.567722	-0.309989	-0.00469162	1.67715	-1.53205	59.5707
-1.07873	-1.4077	0.398369	-0.667378	-1.23256	51.3373
0.190149	-1.51944	-1.59091	-1.21559	-1.75842	60.6447
1.19025	1.44475	1.22061	-1.63427	1.73953	67.3743
1.47486	0.936837	-1.5986	0.991891	1.66048	54.9824
1.09957	-1.37725	1.09742	1.6974	0.343797	58.9962
0.293997	-1.51506	-1.91007	-1.08321	-0.759525	58.9964
1.33687	-1.40971	-1.18328	-0.904829	0.110575	59.242
1.41484	-1.82949	-1.20146	1.45719	-0.214689	61.5804
-0.365487	-1.76617	0.99264	0.653499	1.29794	59.0509
0.282243	-1.16812	-0.0514831	-1.33052	-1.3438	59.7586
-0.92145	-1.96836	1.66897	1.25576	1.34707	57.1291
-1.70643	-0.769662	-1.25657	-1.25182	-1.85942	64.4468
-1.61081	-1.52854	-0.209575	-1.21422	-1.04021	61.889
0.71212	0.21482	-1.8669	1.96628	1.99053	61.0146
0.96383	1.75493	-0.82875	1.96971	-0.68096	59.8472
0.581188	-1.58042	1.77023	-1.41039	-1.02243	60.4803
-1.18747	0.943841	0.625737	1.824	-0.517818	54.529
0.43499	1.76887	0.986842	-1.54263	0.925578	60.2731
-1.51292	1.86438	1.77144	-0.476326	-0.874216	60.9872
0.839315	-1.68721	-0.0344564	-1.71332	-1.58828	53.6576
-1.90189	1.62123	-0.829271	-1.71069	1.17082	58.615
-1.36932	-0.955782	-0.802825	0.170805	-0.705049	50.4969
0.836953	1.52561	0.488395	-0.0483674	1.6327	53.1191
-0.227779	-1.50276	-1.19853	1.95674	-0.390225	58.0788
-1.21222	-1.79095	-1.33079	0.9138	0.217032	59.6399
0.0268574	0.302515	-1.70365	0.315214	-1.01782	53.6916
0.727785	-0.528179	0.38498	0.230554	-0.745742	49.6104
-1.71949	-1.43273	-0.375235	1.18067	-1.67818	65.4683
-0.226301	-1.56084	-0.248229	1.7595	1.95876	53.8936
-0.68331	-0.936902	0.539728	-1.75581	1.5944	63.7728
0.320304	-0.631655	0.504968	-1.36987	1.08334	55.7286
-0.427356	-0.925671	1.78142	-1.87998	0.313482	62.4719
-0.270624	-0.349799	1.30529	-0.227429	-1.58003	56.8013
-1.89259	1.15503	-1.31754	0.66596	0.309777	59.4163
-1.80026	0.709371	1.13404	-1.4143	-1.45362	62.043
-0.795059	0.280229	-0.14981	-0.866422	0.688326	52.5178
-0.277228	-0.22603	-1.51237	-1.19395	0.940746	56.6452
-1.29521	0.216699	0.129224	0.399254	1.71158	53.0495
-1.72672	-0.961198	1.64092	-0.236406	1.32453	59.1686
1.44886	-0.21281	-0.691265	1.30171	1.30568	54.8735
0.531974	1.16261	1.6686	1.60962	-0.0461059	56.0398
-1.67358	1.22516	-0.832573	-0.929103	-0.977016	55.2788
1.51352	1.40015	-1.30916	-0.376279	-1.85165	66.7667
1.196	1.62991	-0.718988	0.297696	-1.67357	58.7964
-0.254413	0.542712	0.103753	-1.65392	0.635422	54.3839
-0.474386	1.89188	-1.8834	-1.56749	-1.36657	63.9762
-0.363459	-0.479877	1.46326	1.08153	-1.27613	52.0639
-1.54202	-0.265692	0.474919	0.490655	-1.10791	52.4641
-0.394686	0.416931	0.0258054	0.0809345	1.03674	49.7313
-1.06971	1.72511	0.684172	-1.78594	0.978751	62.3186
-1.0154	-1.07031	-0.785425	-1.08159	-1.71118	50.3516
-1.85753	-0.120993	-0.21382	-0.433885	-1.94399	60.908
0.583182	0.91234	0.443205	0.237113	0.38373	49.9964
-1.1655	0.917471	-0.479885	1.68383	1.68935	58.5126
1.92192	0.200178	1.38566	1.25557	-0.880296	60.2853
1.25489	0.140359	0.931742	-0.541353	1.49846	57.1166
1.05294	-0.725797	-1.59922	0.188398	-0.964388	55.4389
-1.44632	0.142007	1.53145	1.56808	0.774665	61.3555
0.850437	-0.156309	0.324109	0.672108	-1.44231	54.0936
-0.801736	0.568231	-1.67071	-0.146863	-0.35131	50.0142
1.62391	-1.37542	1.87042	-1.87299	-0.66234	66.9112
1.89721	0.885856	1.10331	-1.90467	-0.626289	58.291
1.65918	-1.15504	-1.73061	1.39986	-1.16297	57.1355
1.90005	-1.04972	-1.71364	1.7284	-0.057141	53.0567
-0.445621	-1.12933	-1.68863	-1.83343	1.92364	64.2682
-1.87851	-1.77112	1.54774	0.616395	1.13683	62.1441
-1.64956	-1.88784	-0.383613	1.00467	-1.66349	65.7258
-1.33733	-1.30282	-0.719661	-1.24784	0.156911	55.496
0.182489	-1.30066	1.48913	1.36813	1.77104	56.1665
-1.30729	0.145909	0.0971843	-0.0389026	-1.33811	53.0521
0.939124	-0.582762	0.238829	-1.13968	0.0632841	53.435
-1.68177	1.60322	1.98963	0.736231	-0.44561	60.1144
-0.6143	1.59811	-0.421779	-1.81362	0.668999	59.3947
0.769963	-0.543243	1.47466	-1.59788	0.827841	55.5499
0.657845	0.0425241	-1.02205	0.00222813	-1.9143	51.3588
1.14353	0.00361385	1.31224	1.75746	1.73675	57.9322
0.935714	0.0418561	-0.0905591	-1.38248	-0.418982	47.7089
-0.69837	0.350164	0.0984358	-0.720738	-0.0427597	47.4255
1.89809	0.474921	-0.518446	0.425653	-0.957606	58.5545
1.42154	1.57399	0.686912	-1.62294	0.0331452	59.5038
-1.96453	1.39204	0.46175	0.525673	1.01958	55.7716
1.84888	1.93814	1.95531	0.790427	0.24812	57.7738
-0.214721	-0.892015	0.97069	0.535853	-1.80701	53.9791
-0.427237	0.320687	-1.23091	-1.00086	-1.40396	58.5943
0.828381	0.45516	-0.786549	0.152517	1.90476	52.942
-1.18599	-0.604183	-0.939625	-0.899445	1.1729	50.9179
-1.38246	0.0637944	0.55137	1.55858	-1.69357	61.3509
-0.912723	-0.189977	1.57445	-1.26892	0.900048	50.3688
-0.653055	-0.892306	1.69401	-1.45191	0.499924	53.8587
0.340441	1.87558	-0.693159	1.18664	-1.87345	55.2162
-1.03717	-0.920033	-1.98551	0.112728	1.9564	58.4456
-0.426958	1.42425	0.295996	-1.69344	-1.69721	57.1432
-1.49958	1.64488	-0.169493	-1.61003	0.225971	54.0315
0.908476	-0.651971	1.38594	-1.84154	1.77892	63.6596
0.665957	1.22939	0.763903	1.19212	0.791322	55.346
0.94585	1.67574	-1.03868	0.529729	-0.950915	52.8968
-1.19461	-1.31267	-0.496635	-1.08122	-1.7615	53.7227
-1.30306	-1.77696	0.752569	-0.134522	-1.29242	60.8324
-1.14778	0.762871	-0.104781	0.75178	-1.4641	58.9818
-0.447897	0.587107	0.0628937	-0.604569	0.629419	52.0578
0.957148	1.77432	1.09114	0.105695	-1.11316	56.7136
1.84321	-0.527442	-1.57866	-0.639147	-1.49035	61.7499
-1.66581	-0.21874	-0.253287	-0.146416	1.26744	54.892
0.660705	-0.222874	1.54876	0.983124	-1.84251	51.887
1.7518	-0.801272	0.439883	-0.76191	-0.565128	54.561
1.58261	0.420459	-0.203419	-0.429563	0.413664	52.3553
0.219087	-0.986706	1.71164	-1.76682	0.143933	52.094
-1.96579	-1.82896	-0.85651	-1.16529	1.95508	61.3694
-0.0215232	0.231758	1.83612	0.131326	1.16327	48.3403
-1.70457	-1.14408	0.876098	0.508072	0.395123	61.1902
0.864502	-1.8726	0.976257	-1.77644	-1.02691	58.1589
0.54483	-1.19902	-1.75102	-1.93556	1.82267	56.868
1.58358	0.923772	-1.62785	-1.21087	-0.898845	59.6464
1.1374	0.261392	1.74535	-0.839802	1.59567	59.1224
-0.507079	0.280183	0.514831	0.585403	-1.63774	60.7555
0.56509	0.400343	-1.53427	1.77592	-0.19492	62.3049
-1.43215	-1.13619	0.00550397	0.110206	-1.59402	51.8987
1.25001	-1.97143	-1.78587	0.239811	1.79621	57.3464
-1.35255	-1.27586	-0.706342	-1.4727	-0.0764052	60.6983
0.64266	-1.99073	0.644926	0.889358	0.422234	61.1661
1.18713	1.11192	-1.65868	-1.41447	1.37748	60.2673
-0.293338	-0.4719	0.325331	0.42219	-1.28054	51.1643
1.03361	-0.949374	-1.81373	1.14076	-0.563476	52.106
1.3457	-0.682657	1.07671	0.571844	-0.802731	60.0289
1.85905	0.609709	0.0554365	0.647563	1.51314	61.3489
-0.164698	-1.56586	0.794016	-1.06477	-1.16447	55.9299
-0.623219	0.947561	1.03095	1.01472	-0.0953929	48.3399
-1.72161	-1.074	-1.59684	0.739367	-0.0349465	53.0255
-1.80892	0.874184	1.3335	0.386577	0.123694	58.2317
-1.9743	-1.05031	-0.943321	-0.20945	-0.222832	47.9459
0.86467	-1.12387	1.64935	0.822842	-1.33045	54.7466
-0.806173	-0.547156	-0.179423	-0.104523	-0.529425	56.2935
-0.600192	0.0779172	-1.8902	0.88656	-1.31734	56.3744
-0.477754	-0.398685	-0.433603	-0.340429	1.14557	51.908
-1.24354	-0.732996	-0.170172	-1.82349	1.05145	51.9981
0.44338	0.0497515	1.0925	-0.881493	1.50993	58.1713
0.891641	-1.77713	0.263917	-1.38132	-0.561682	59.8999
-0.958043	-0.437686	0.0948548	1.23823	-0.813416	52.5025
-1.0026	0.963622	-1.33875	0.529035	1.17864	51.7753
0.282855	1.38652	-1.50222	1.81843	-1.47066	60.3885
-0.316934	-1.33524	-0.326205	-1.35308	1.9276	55.6895
0.982622	0.44974	1.35013	-1.02783	-1.01375	48.8112
-0.38592	0.377051	0.984615	-1.03493	-0.115082	47.0063
0.753515	1.11529	-0.180715	-1.12865	-0.874574	51.8073
1.71049	1.15214	1.57177	-1.27696	-1.82031	67.5558
0.0741309	0.856567	-1.4377	-0.608828	-0.814329	52.5595
0.082954	-0.542448	1.0583	0.753778	-1.82984	53.4568
0.136804	1.09771	-1.63559	-1.65267	-1.8007	63.4745
-0.389003	-1.20233	0.849616	-1.19639	-0.189679	56.1495
-1.68668	-0.600971	-1.12109	0.423403	0.61913	59.3977
-0.277581	-0.626236	1.17238	0.850268	-1.26331	53.5218
-0.785966	0.196409	1.14543	0.170295	1.61761	55.8561
-1.57648	0.661923	-0.348758	1.38487	-1.16297	59.7096
0.20568	1.15905	1.13878	-1.84181	-1.90168	60.2838
1.92344	-1.65731	0.251483	0.239317	-1.41964	64.3788
1.86086	0.562523	-1.49415	-0.378532	-0.735571	61.7303
1.39402	0.40877	-1.074	-1.29452	1.79575	58.8896
1.95713	-0.838878	-1.2018	1.71412	-1.26109	59.008
1.35452	0.973769	1.05999	-0.430385	0.0928789	50.7514
-0.646641	0.56723	1.05545	1.48585	-0.270675	56.3958
-1.78805	-1.88056	-1.38373	-1.17629	0.171667	58.9188
0.0966571	-0.0014094	-0.225998	1.99659	-0.136746	47.4148
-0.0263117	-0.049507	1.70755	-1.88563	-1.57633	62.0124
-1.52133	1.31146	-0.26319	-1.68937	0.0128158	56.0498
0.253415	0.480136	-1.45377	1.15768	-0.7138	60.9387
0.329005	-0.388302	0.715705	0.438932	-1.47528	61.5952
0.922128	1.62278	-1.6788	1.7268	-0.996514	56.1079
-1.87655	1.80155	0.917923	0.819934	0.441327	54.7986
-1.90451	-1.902	-0.843525	1.10097	0.849175	61.3719
1.06944	-1.75697	0.758017	1.12507	-1.3453	57.872
0.741531	1.23093	0.997663	1.95805	0.441256	54.8702
1.58691	-1.07578	0.0814475	-0.810023	1.3504	50.4844
-0.00575265	0.0478517	-1.61164	0.194985	1.33936	50.7629
-0.70654	-1.67044	-0.71078	0.216577	0.783313	51.1797
1.48063	1.93131	0.224947	1.87612	-0.827884	58.9235
-0.234394	-0.7081	0.755647	-1.71058	-0.932942	49.4888
-1.83318	-1.45197	-0.974847	1.69192	-0.272571	58.7291
1.93056	-0.785582	0.852118	-1.09592	1.31763	57.5455
-1.6124	0.432045	-0.989093	-1.43284	-1.63505	61.3454
0.126109	1.06474	-1.92177	0.837247	0.991204	56.7048
0.110325	-1.64027	-1.19146	-0.302897	0.712276	58.0771
-1.24066	1.96036	-1.31117	-1.78802	-0.852504	55.9632
1.42937	0.605993	1.82933	-1.32678	0.948704	53.821
1.55725	-1.61666	1.09733	0.00558451	1.66484	59.3854
0.587228	1.25808	1.35187	0.42029	1.86498	55.5798
-1.43776	0.208157	0.592482	1.7121	1.74699	60.8021
0.234983	-1.02796	-1.67081	0.271715	-1.96126	54.1324
-1.86543	0.559364	1.72886	1.0373	-1.13862	61.414
-1.47696	0.806691	0.679606	-1.79659	-1.46187	60.4105
1.34187	0.0129149	1.80597	1.94076	1.0133	54.8468
1.74742	-0.0203841	-1.03036	-0.284471	-1.66694	59.075
0.844128	0.0662448	-0.806889	-0.949047	0.276059	50.7314
-1.24893	1.12798	1.71376	-1.14429	1.79752	63.049
0.0136556	1.10897	-1.54308	-0.327639	0.0822397	48.3157
-0.287927	0.273565	1.20786	1.99187	-1.24075	54.5031
1.26829	-0.0789402	0.454882	-1.70458	0.547415	58.1535
-0.409003	-0.104042	-0.0407627	0.391858	-1.02362	50.2497
-0.435497	-1.18503	-0.266826	1.91298	0.802152	53.2028
0.918585	-1.37927	-0.766225	-1.36345	1.7627	53.9357
0.965751	-0.539727	1.329	1.89641	-0.32996	52.3018
-0.665259	0.843491	0.572625	0.64696	0.122937	54.7598
0.230916	0.248491	1.25118	-1.59567	1.73258	55.1387
0.738452	1.15221	-1.70021	0.452694	1.27889	55.2428
1.78374	0.784566	-0.428086	-0.260719	1.30301	57.7466
0.686886	-0.453802	0.631699	0.520153	1.09016	57.9875
0.737579	-1.55095	0.614214	0.868733	-1.92887	53.3618
1.22835	-0.598853	-0.935162	0.989723	1.11015	52.9456
0.478441	0.952513	-0.102035	0.164421	-1.68239	48.3552
-1.64018	0.422666	-0.21214	-0.0820125	-0.701362	54.1284
-1.18669	-1.13949	-1.79323	0.934259	0.0605196	49.9026
-0.893937	1.95917	1.46815	-1.64068	-0.668551	57.2682
-1.98085	1.50475	1.16025	1.71511	0.60699	61.3165
0.901822	0.692753	-0.404619	0.47843	0.130265	50.8011
1.49342	-0.99103	-1.8275	-0.326235	-0.574323	61.3476
0.236712	0.827367	0.0289235	1.85244	1.26218	58.0049
1.50705	0.140703	-1.86483	-0.15623	0.9484	54.8934
-1.96247	-1.29767	1.62172	1.49743	1.79566	62.4613
-0.21429	0.905529	-1.40302	-0.775914	-1.91513	50.823
0.263718	1.96378	-1.83498	0.574988	0.499311	53.6976
1.38166	1.23566	1.02612	-0.457759	-0.551058	58.2727
1.19729	1.27605	-0.78896	1.10909	0.237813	53.7157
1.94978	-1.48317	-1.78897	-0.365887	0.831786	61.803
1.12394	0.823069	0.637951	0.137421	1.93386	54.034
1.36479	-1.65178	-0.0625041	-1.90815	-0.237783	59.4237
-1.50831	1.06799	-0.879328	-0.696003	-0.706045	58.448
-0.821347	-1.5347	0.209127	0.950057	-0.461741	50.6836
-0.813393	1.58868	0.390517	1.87877	0.105296	56.5997
0.227272	0.484843	-0.355743	-1.86711	-1.26982	59.2563
-0.759663	1.83765	-1.38864	0.989581	0.447271	60.6219
-0.74847	-0.772495	1.43754	0.374313	-0.0509591	52.2963
0.00453238	1.55471	0.540618	1.27411	0.334461	58.2517
0.0525477	0.285011	0.207535	-0.492093	-0.635389	47.3246
0.822403	0.409296	-0.0230795	0.965217	0.904819	50.7072
-1.32554	-0.71807	-1.84906	-0.975635	-0.465126	59.1978
1.68553	1.50403	-0.873496	-0.140017	1.46357	60.8294
0.744977	0.950137	1.05607	-1.84133	-0.976328	54.5971
0.532715	1.56249	-0.900712	0.937016	0.441915	52.3696
1.69677	-0.248608	-1.76147	1.95227	1.0854	54.7085
-0.377303	-1.15217	-1.50476	0.853492	1.27021	58.4396
0.130822	-1.80596	1.18495	1.98528	1.34309	53.8768
-0.48958	0.96843	1.18954	1.61071	0.815698	51.3962
1.8049	1.559	0.0427332	-1.80134	1.25513	64.045
-1.58853	0.00809505	-0.544845	-0.657177	0.456447	54.1116
-1.04479	0.157571	1.00433	-1.96227	-0.324762	50.4001
0.754977	0.913519	1.67831	-1.24772	0.550943	57.6958
1.57671	0.656087	-1.07055	0.473983	-1.17594	60.152
0.194216	-1.54861	-0.289117	-0.860803	1.11481	53.9648
0.318086	-0.0366967	0.998418	1.25809	0.896287	54.7653
-1.65382	1.15954	1.74942	-0.766411	0.413865	59.2734
1.75286	-1.8873	0.141448	-0.854049	1.35895	57.8468
0.885452	1.39064	-1.85478	1.03177	0.859293	55.7562
-0.715319	-1.66753	-0.486992	-0.738742	-1.03272	53.1446
-1.1158	-1.46488	0.841606	-0.208697	0.8021	51.198
-0.714861	-0.656945	-1.92711	1.33308	-1.87539	61.9989
-1.04876	-0.696656	-0.152858	-0.0712098	1.74274	56.8049
-0.61948	1.99526	1.43426	-0.203206	1.90999	64.991
0.795854	0.565126	0.805814	-1.45496	-0.733193	50.6069
-1.88486	-1.22978	-1.22517	-0.762703	0.601756	53.197
-0.674377	-1.26142	1.67551	-0.198433	-0.0732566	59.0372
-1.41678	0.997674	-0.471262	0.109352	0.93257	57.0009
1.83033	1.81664	-0.495262	-1.24147	0.56781	56.7394
0.886519	0.515509	1.93339	-1.71268	-1.55206	61.8491
-1.10607	-1.58063	-0.553059	-0.806472	-1.27937	55.4687
1.41061	0.926103	-1.21451	1.93769	-1.5699	64.4714
-1.90625	-0.270929	-1.20881	-0.5034	0.585016	59.5017
-1.338	1.8116	-0.520241	0.33112	1.03877	55.4729
0.125819	-1.32018	-0.978289	-0.674807	0.579286	49.8228
-1.11897	-1.98807	-0.825814	1.09885	-0.469792	55.2944
1.77576	1.10371	-1.41671	0.889062	0.262383	51.942
0.209498	1.67084	-1.8958	1.43981	-0.0848001	55.1095
-1.99189	1.58568	-1.43388	1.97704	1.2635	61.9957
0.738966	0.080574	0.732286	0.241893	1.11399	51.3977
-0.365383	0.0153116	1.76897	-1.62608	-1.49845	54.0572
-0.101593	-1.86055	-0.950474	0.683859	0.0085035	50.816
0.854698	-0.461552	-1.54393	-0.704365	-0.89154	54.3372
-0.155146	-0.602539	0.0148575	-0.289642	1.82999	48.6013
-0.632639	-0.252686	-1.41522	0.894737	0.326925	50.7786
0.81548	-0.476945	1.78688	1.96248	-1.56006	63.1153
1.18397	1.19152	0.0811538	1.19599	-1.28273	51.4331
-0.165075	-1.16449	1.14684	0.610967	1.87481	56.1234
-0.150482	1.64826	1.57804	0.507751	-1.50732	64.2897
0.324256	0.614372	-1.46061	1.09193	-0.673963	52.1326
0.764809	1.64405	-1.96954	-1.40903	0.346418	57.8167
0.143983	-0.613761	-1.54872	-0.269865	-0.00379817	56.2695
0.152736	-0.530038	-0.724894	-0.983143	-1.18121	52.3438
0.0826237	-0.605881	1.05102	0.0666459	1.27425	49.2618
1.44651	0.946438	0.138981	0.372902	-0.380714	49.7527
-0.47268	1.7675	0.878736	-1.44095	-1.79294	62.035
1.89368	-1.17146	0.0525821	1.74718	1.00642	51.3732
0.269196	1.26991	0.709671	1.09775	-0.641674	56.2779
-0.7943	0.233458	-1.05037	0.977437	0.599198	55.208
1.84015	-1.6655	1.33004	1.37093	-1.16438	56.231
0.175592	-0.703063	0.513164	-1.44165	-0.925943	57.8767
-0.928728	0.983451	-0.118831	1.14452	-0.419764	52.4891
-0.275386	1.63189	-1.05663	-0.543935	-1.32404	60.073
-0.294604	0.457009	0.375123	0.907915	-1.79948	59.7279
-0.14612	-0.940157	-0.889449	1.18196	0.0506259	48.9315
-1.97546	-1.54995	-0.547337	0.939805	-0.640963	60.8618
0.775476	1.46927	1.30493	-1.71732	-0.963339	57.5562
1.19796	1.04743	1.75546	0.585795	1.36901	61.5415
1.22669	-1.82929	1.0979	-0.566975	0.057313	54.9176
-1.58753	-1.50525	-1.89315	-1.51696	0.91084	62.0899
1.09278	-1.57433	1.90454	1.63577	-0.711699	64.8536
-0.943474	-0.122634	-1.13563	1.31614	1.25253	50.3859
1.89984	-0.438918	1.69721	-0.720664	-0.755036	53.115
0.224034	0.741376	1.34084	1.37973	-0.424059	61.6169
-0.0660618	-1.68182	1.14191	0.400846	-0.484828	53.556
0.268785	-1.27418	-1.80817	1.69802	1.82684	60.9541
-0.374025	-0.732064	-1.42295	0.842561	0.497319	53.5763
0.209341	-0.70387	-0.43604	-1.2937	1.27398	54.2928
1.47189	0.663382	0.251729	-0.109177	0.0675132	55.14
1.85719	0.389548	0.728535	1.13518	-0.162808	51.8177
1.99484	-0.788729	-0.606228	1.37774	-0.921284	61.0969
1.3379	1.69862	1.58934	-1.11609	-1.43447	64.2348
1.72218	-1.99483	-1.3743	1.74914	-0.572216	66.7837
1.50264	0.0636785	-1.81845	0.499707	-0.0875543	60.0864
-0.511164	1.23127	-0.314027	1.40455	1.1875	59.2522
1.40281	-0.790932	0.284291	-1.86895	1.18591	53.2711
1.20886	1.84441	-0.523755	1.61805	-1.54732	62.0175
1.72074	-1.20208	1.25415	1.49315	-0.650994	58.3225
1.09791	1.94821	1.97068	-0.0613946	-0.669305	52.7792
1.53639	-1.36461	0.129083	0.0715931	-0.213852	54.1092
-1.7142	-0.164751	-0.733403	-0.970493	-1.59256	56.0846
-0.818544	0.806887	1.2877	0.289905	0.667969	55.3294
-0.261611	-0.557286	0.307966	-0.31798	1.01772	53.4441
-1.63273	-0.850493	-0.361007	1.24201	-1.41088	63.8453
1.32777	0.438447	1.40518	1.2201	-0.511723	57.5398
1.58058	-1.61515	1.24807	1.50131	-0.950585	67.0153
0.464292	1.17596	-0.594291	1.39662	-0.240015	53.2469
-0.248538	1.83676	0.912502	-0.648464	-0.741073	50.6934
-1.04584	-0.625672	-1.64772	-0.289678	-1.61961	58.2293
-0.171324	1.08146	0.112113	0.846609	0.765864	46.255
-1.60551	1.23928	0.953615	-1.02655	1.15422	59.5131
-0.265081	0.322404	0.49983	-1.31975	-0.155512	51.9812
-1.5863	1.43375	-1.12441	0.754519	-1.19517	55.6029
-0.935336	-0.250101	-1.76357	-0.88982	-0.917431	51.9789
1.82138	-0.303515	1.02662	0.414781	1.37684	59.8676
-0.968338	0.540932	1.13455	-1.89035	0.516897	50.8726
1.54657	-1.50039	1.5137	-1.0022	1.95471	66.519
0.00243502	0.156265	0.560137	0.183883	1.3611	50.2827
1.43349	0.590517	1.86137	1.66185	1.39635	64.2739
1.46108	0.767705	-0.928336	-1.7952	1.0536	57.7867
1.5732	-0.864634	-0.480486	-1.84529	-1.87593	59.1252
-0.213438	-0.302777	-1.95055	1.10517	1.68479	59.0266
-0.164317	1.42745	-1.72295	-0.840152	1.24824	59.0228
-0.405215	0.532302	-1.4065	0.282202	1.71576	57.3333
-0.800945	1.43839	-0.848351	-1.29828	-1.24389	53.5379
0.61615	-1.53246	-1.86734	0.640276	-0.405062	59.3048
-1.60646	-1.65711	-1.1692	0.234422	0.0677342	59.4239
-1.81197	0.702426	1.02611	1.77586	-0.181233	59.182
0.106204	0.0881445	-1.78445	-0.26568	1.58859	53.2473
-1.17854	0.570658	0.519351	-1.04593	-1.16339	55.5054
1.32619	-1.12293	0.91991	0.432621	0.288043	51.4453
0.618047	-1.95715	-0.407173	-0.413492	1.63587	64.6875
0.675183	-1.90968	-0.773855	0.926557	-1.55707	59.7854
1.87435	-1.26013	0.669071	-0.344526	1.83376	57.1657
0.69342	0.942507	0.21309	-0.0277597	-1.24673	47.0553
1.64562	-1.75445	-0.265765	-1.19719	-1.41939	60.5342
0.610546	0.126607	-1.45177	-0.222721	0.0708397	49.3507
0.470569	0.665341	1.01652	-1.91542	0.549564	53.441
-1.85561	0.148926	1.32041	-0.387854	-0.112772	57.8692
1.8942	1.85756	-0.0191315	-1.8802	1.5335	66.2375
-0.269008	-0.751603	0.755352	1.15359	-0.628596	48.349
1.13307	-0.254757	1.96586	-0.594202	-1.10171	55.1899
-0.0766748	-1.7784	0.399365	0.472478	-0.320121	52.0679
0.798232	1.42096	0.259397	-1.09803	-1.66287	59.8904
0.0567094	0.617359	-0.493147	-1.42778	1.39081	58.2166
-0.931927	1.83784	0.493366	1.09792	1.65008	62.3737
-0.489581	1.13661	0.550116	1.15458	1.64706	53.7806
-0.300005	-1.838	-0.50484	-0.304533	1.06079	50.1706
1.74762	-0.905414	-0.594798	-0.117643	-1.12899	52.4791
0.748383	1.85125	0.618544	0.331512	-1.55706	57.897
0.946083	1.23946	0.870552	1.06173	0.755587	56.9309
0.206961	0.352091	-1.17683	1.20034	0.23215	52.5151
-1.94809	-1.46622	-1.52303	0.309673	-0.627242	60.8369
-0.412424	-1.56996	0.209836	-0.0677691	0.394098	58.5602
-1.64505	0.230346	1.59159	0.776114	0.480703	62.9462
0.0699259	-0.0897836	1.80656	1.15772	0.695632	53.8458
1.9111	1.1386	-0.445796	0.521	-0.281297	56.1351
0.480381	-1.7229	-0.436276	1.02114	-0.490157	53.924
1.96022	1.91058	-1.52707	-0.922142	0.0690006	61.5436
-0.670411	0.409046	-0.610543	-1.74137	0.140588	53.3282
0.7953	1.61525	-0.282789	0.620206	-0.488685	56.9068
0.396854	0.50282	-0.756801	-0.0561463	-0.394647	57.4939
-0.475491	-0.915587	1.855	-1.89984	-0.0595025	51.4203
-1.31136	-0.340068	1.25147	0.184264	-1.47699	59.9829
1.63545	-0.951018	1.33565	0.00121302	0.156616	50.8096
1.68152	1.83097	-1.3914	0.555962	-0.730197	57.0837
-0.304753	-0.545695	0.0268595	-0.470546	0.0329501	49.4008
1.15191	-1.66797	0.908117	-0.686005	0.995763	49.9267
-1.71274	1.95557	1.01308	-1.17196	0.942905	51.7912
-0.679164	1.58394	0.608794	-0.0962156	-1.33488	56.8875
1.65902	-0.578307	0.525004	-1.5866	-1.97049	65.1476
-0.311595	-0.981738	-1.52122	-0.0485389	-1.35687	51.3936
-0.142812	-0.402526	-0.766372	1.39642	0.790356	53.4412
-0.298232	1.27465	-0.615424	-1.2825	-0.0715575	54.788
1.47857	1.94239	-0.317524	1.08539	1.51896	58.9431
1.36149	0.789317	-0.564424	1.69887	0.378551	58.7643
-1.99143	0.678363	-1.19455	0.842405	-0.186779	59.1378
-0.0493749	0.728447	0.324507	0.621048	-0.880323	51.4271
-1.79425	1.56739	1.72253	0.123403	0.270658	60.7246
-1.44369	-1.96873	0.850659	1.36094	1.83465	63.859
-1.53241	0.405517	-0.109962	0.0918662	0.472088	56.6374
0.18898	-0.200894	-1.51069	-0.377884	-0.525656	49.8718
1.76099	1.09364	-0.461653	-1.45569	0.219524	60.9701
1.96348	0.193967	-0.506094	0.767235	-0.726603	51.6856
-0.860631	1.05656	1.46418	-1.62708	-1.00674	59.5951
0.682781	0.164845	-0.0368805	-1.65504	1.29045	52.4536
1.1378	1.23304	0.851736	1.15754	-0.527859	54.2439
-1.75047	1.64991	-1.66827	-1.35097	0.728667	62.7284
0.334394	-1.35284	1.6258	-1.30094	1.33473	61.2997
0.0517212	1.18607	-0.0285184	-0.353219	-1.03173	53.8928
-0.852501	-1.48748	1.723	1.09023	0.31558	53.3062
0.485411	-0.0502391	0.449071	-1.75229	-0.477129	57.379
0.982146	1.83362	0.134898	-1.81347	-1.77568	56.9191
0.758138	1.09704	1.17789	-1.18831	1.01874	56.1121
-0.167265	1.35306	-0.974392	-0.137279	1.10109	52.2204
-0.402045	-1.44201	1.84369	-1.32473	0.196321	58.7509
1.76605	1.54031	-0.971034	-1.8549	-0.294202	60.1024
-1.37921	-0.916999	-0.473897	1.80209	0.812116	56.4477
-0.672253	-1.20664	0.209746	1.46243	-1.25958	54.9597
1.72735	-1.57083	1.73475	-1.13446	1.38905	67.9536
0.497116	0.092524	-0.629881	-0.611713	0.437537	58.0552
-0.96078	-1.63951	-0.891179	1.58259	1.52333	61.7823
1.63048	1.44006	1.21808	1.29238	0.93828	60.1121
-0.0876703	1.55114	1.04895	0.399088	-1.96118	58.1934
0.300539	-1.73193	1.51813	0.599249	0.965114	61.4163
1.80779	1.48272	0.966754	-1.08297	0.431278	52.2902
-1.08053	1.12462	0.317933	0.18383	-1.90433	52.7196
-0.811105	1.74032	0.273386	-1.91704	-1.48812	57.8251
0.369259	1.62382	-0.612443	0.465216	-0.8221	53.8965
-1.99263	-1.18788	-1.67757	1.58612	-0.607736	65.4844
-0.127786	-1.53412	1.72874	-1.3292	-0.0520059	54.2201
0.948637	0.281246	0.128211	0.497091	-0.540444	54.6592
-1.46309	1.66949	1.28391	-1.47764	1.68042	69.1929
-0.936405	-1.43627	-1.01426	-1.38822	1.91108	60.2209
0.89627	-0.936614	-1.90824	-1.72966	-0.0539955	57.1438
-0.00461188	-1.87347	1.44377	1.5041	0.973687	62.701
-0.646802	1.06192	1.93265	-0.790426	1.38338	61.0741
-0.285833	-0.491782	-1.32178	-1.1238	-0.153818	54.8091
1.77168	-1.67244	-0.169683	1.57791	1.18489	60.1923
-1.04182	0.843029	0.697447	0.962252	-1.54816	54.3945
-0.57022	-1.91808	-1.25793	1.11749	-0.499936	62.0236
1.09773	-0.958003	1.98742	1.12311	0.217352	53.6825
0.946413	0.960454	0.123668	1.34227	0.802422	53.9523
-1.41388	0.756941	1.20973	1.38607	1.74628	65.1751
-1.20102	-1.29466	-0.669515	0.40921	1.76589	62.6974
-0.482671	-1.83808	1.76748	1.62863	1.72518	64.8405
1.67517	1.54967	-0.64508	-0.853335	-0.300924	61.0782
0.147291	1.09162	-0.938398	1.91416	-0.722922	51.0965
-0.539615	0.404918	-1.43661	1.59297	1.7622	61.6372
0.200177	0.981439	-0.916286	-0.99014	-1.3555	54.7175
-0.116644	-0.0185847	-1.94049	-1.72328	0.211791	50.2721
-1.20175	-0.441844	0.564401	0.243192	-1.69588	55.0364
0.480787	-1.1698	-1.67927	-1.54068	-0.463121	61.685
0.120266	0.24364	-0.700204	-0.856077	1.68592	57.1946
0.941256	-0.224993	0.639163	-1.49227	-1.16305	50.0102
-1.92948	1.4166	-0.737357	-1.92868	1.98925	56.5046
0.929147	-0.446466	-0.670647	0.0917667	0.192593	46.8154
-0.0185684	1.5594	1.66302	0.0565998	-1.0458	54.3074
0.0728848	0.0235999	-1.05305	1.25201	-0.694673	46.6323
1.57158	1.26752	-1.77797	1.168	-0.238392	63.0537
-0.147354	1.52102	-0.465007	0.611557	1.68406	53.0479
-1.9636	-1.16664	1.87034	1.89865	-1.54241	57.0564
-0.415756	0.631351	0.217642	-0.79886	0.530551	57.8421
-0.506196	-0.471714	0.0487254	0.0748241	0.280192	47.8387
1.3329	0.76945	1.63524	0.275309	-0.992993	56.8627
0.374531	-0.272738	-0.10597	-1.28817	-0.537505	51.8418
-0.0218968	0.967578	1.72913	0.314673	-1.15099	53.3238
1.91208	0.118653	1.44887	-1.91148	-1.10545	60.7051
-0.992127	-1.57917	-0.427564	-1.46813	-0.734253	62.2873
1.3567	-1.78561	1.32232	1.91285	-0.191015	59.4944
-1.22085	0.867811	1.34467	-0.713091	0.671444	54.31
-1.3832	-0.0283202	0.807244	0.364827	0.448848	55.5334
-0.949789	-0.489425	-0.612905	1.86282	1.54483	59.0743
1.82437	-1.70378	-0.918465	-1.19398	0.614164	55.3381
-1.53915	-1.65404	0.845712	-1.7785	0.59161	60.9651
-1.08583	1.54567	-0.974776	-0.313823	-0.735021	59.6829
-0.460836	0.721961	1.30978	-0.987908	0.359598	50.8754
-1.94664	1.21071	-0.201214	0.3101	0.106614	54.5676
0.150678	0.37396	0.378649	0.0221233	-0.981141	50.6282
-1.61931	-0.941213	0.707858	1.48516	0.910604	57.2544
-0.236487	0.686934	0.637688	0.637061	0.260832	53.6084
-0.207562	0.955613	0.374655	0.532379	-1.67828	55.0923
-1.09306	-0.633024	1.37072	-0.365949	0.337716	60.4256
-1.61391	0.246459	1.58384	-0.634483	0.631354	53.6118
-0.320589	-0.531292	0.998055	0.660129	-0.59925	53.9329
0.340862	-0.664542	-0.867076	-0.526438	-0.0834802	51.0534
1.62522	-1.09471	0.461778	-0.775992	1.26393	58.1674
1.14189	1.02138	1.84112	-0.88175	1.86731	55.303
-1.1597	-0.524264	-1.50598	-1.51894	-0.789934	59.0138
-1.84752	-0.590708	-0.76049	0.888983	-0.484484	59.7011
1.03918	0.326268	-0.93907	1.27289	-0.449371	53.5471
1.85648	1.47728	0.166018	0.701871	-1.83163	57.9936
-0.0836013	-1.44984	0.127278	-1.74526	0.455954	56.8746
1.49031	-0.0198205	0.924132	-0.116109	1.0761	48.6271
-1.68274	0.183089	-1.80569	1.51613	1.55612	58.6921
-0.556578	-0.517956	0.698759	1.49862	-0.911696	54.8447
0.432758	-1.48262	0.190121	-1.29067	-0.532045	58.2845
0.0432162	-1.48649	-0.294121	-1.53436	0.42536	59.8592
-0.848889	1.87123	0.938055	1.69527	0.186708	51.8598
1.22272	1.89184	0.68875	-0.988519	-0.614053	52.1603
-1.39785	0.156945	-1.64745	1.59578	1.74158	66.3392
-0.911936	-0.651577	-0.232633	-0.771912	-1.54213	54.7323
1.6559	-1.81933	1.41554	1.84515	-0.761851	61.7773
1.63152	0.0588994	0.673693	0.256776	0.536012	51.9612
1.98613	1.21083	0.74633	1.67683	-1.84135	66.3311
-0.683122	1.58803	1.54127	0.00746811	-0.165816	53.3078
-0.196353	1.12116	1.26811	1.69333	-1.02099	57.4388
1.14017	-1.65893	1.02334	-1.78332	-1.39171	63.8806
0.421164	0.73123	1.69941	-1.94216	0.521221	54.2894
-0.482399	1.58025	-0.517799	-0.216676	1.56489	55.5232
-1.12803	1.716	0.112812	1.65202	-1.1302	56.8896
0.802239	-1.2364	-1.65534	1.78439	-1.71688	64.2484
0.263517	1.4357	0.675991	0.56601	1.65905	60.3264
-1.50069	-1.33449	-0.406594	1.05974	1.6728	56.9947
0.266989	1.64112	-1.06284	-1.3257	-0.759903	61.5199
-0.0101132	0.481569	1.78254	-1.98531	-1.6417	57.0929
0.637316	-1.46117	1.78914	0.267363	-0.147079	52.7486
1.88902	1.33243	-1.00228	-0.761125	1.28709	59.1982
1.82131	-0.92324	1.11624	-0.159103	1.70265	59.9504
-1.49804	-0.770168	1.86639	-0.144221	1.71313	60.2768
-1.37545	1.26584	-1.72879	1.97439	0.117229	61.9927
-1.23596	0.807292	0.366606	-1.29065	0.950353	56.0444
0.754472	0.950116	0.623653	-1.56877	0.762512	54.3573
0.572373	0.372323	0.366699	0.914084	1.65607	56.7017
-0.727491	1.42243	-1.72878	-1.40554	0.591765	60.0848
-1.3957	1.42856	0.304013	-0.567316	0.561025	56.2404
-1.25166	0.592455	-0.39296	-1.5417	-1.5623	64.0331
-0.303588	-1.71848	-1.70001	-1.04342	-0.646538	59.0788
-1.1346	-0.665309	-1.32696	0.809723	0.965184	50.8017
-1.54514	-1.85721	0.173976	1.76353	0.814323	62.5808
-0.401178	-0.732766	-1.56245	0.0420615	1.07931	52.6783
1.63449	0.589532	0.0581897	-0.685108	-0.36963	54.1779
-0.695272	0.400693	1.50141	0.627654	-1.75829	63.3178
-0.161659	0.748971	-1.60558	0.347951	-0.00868762	57.9142
-1.05863	0.0558859	-0.315347	0.997533	1.57949	53.1183
0.470457	-0.0428469	-0.978133	0.200895	-1.556	56.503
-1.92461	-0.0583907	1.18085	-0.834308	1.98192	54.8633
-0.345426	-0.916777	-0.518761	0.291072	1.00526	55.9299
-1.4861	-0.14047	1.38896	1.08962	-0.360993	59.2189
1.8011	0.904034	0.877941	-0.827412	-0.667006	54.133
-0.114789	-1.58407	-0.105032	0.24454	1.59109	51.9386
1.07998	-1.14837	0.829464	-0.712286	0.0308131	47.4148
-0.79359	0.903292	0.244553	0.200002	0.661327	51.5877
1.15894	1.32269	-0.187023	0.00112992	-1.01542	51.1608
1.135	1.00182	-1.77638	-0.570789	-1.1269	50.4331
-1.94541	0.655734	0.617572	0.150854	-1.43569	57.3719
0.764404	0.353069	-1.94582	-0.321616	-0.531071	53.6322
0.0790372	0.744637	-0.235137	0.571961	1.8515	56.4234
0.131774	0.431065	-0.312073	-0.762043	-0.208984	47.1095
1.09128	-1.63527	-1.20955	-0.521037	-0.251324	60.7294
1.29822	-0.805269	-0.336428	1.18751	0.621996	56.1577
1.34901	1.97193	1.02557	0.036021	0.304598	49.8927
-1.43749	1.75894	-1.71098	-0.228645	-1.11225	62.5719
-1.93311	1.93351	0.27769	0.399079	-0.318526	59.1038
-0.445541	1.89184	0.6178	0.908652	1.00213	59.4562
0.616252	1.11306	1.85523	-0.631305	-0.599376	52.7133
1.54327	-0.712554	-1.59722	1.72065	-1.69781	69.5471
-0.767462	-1.16189	1.07279	0.081126	-1.27542	47.7538
-0.262533	1.09972	-1.9419	0.333562	-1.13963	51.3765
-0.736499	0.111184	-1.54298	-0.896237	-0.707022	57.2329
-0.33524	0.345295	-1.22527	-1.88245	-1.16835	52.3873
1.00479	-1.50854	-1.87096	0.380335	0.657005	57.3747
-0.483743	0.698661	-0.650255	-0.598943	0.0356713	55.9032
1.138	-1.28132	1.07208	1.17663	1.04883	58.1276
0.184756	0.776447	-0.46399	-1.15938	1.87019	59.8193
0.391229	-0.148474	0.100341	-1.7458	-0.246306	55.8291
-0.650578	-1.86348	1.0469	-0.455378	1.34024	57.4673
1.08382	-0.521951	-1.44778	0.252535	-0.973178	59.5759
1.78986	-0.903512	1.22102	1.96465	1.06464	53.9177
1.64859	0.530217	-0.634734	1.77555	1.15831	59.4311
1.15635	0.721747	-1.40433	0.142029	0.154166	52.0639
0.193033	0.485484	-1.64035	-1.95432	1.50956	57.363
1.03337	-1.90151	-1.66984	1.88382	-1.03266	60.8245
-1.99487	-0.055645	1.79018	1.54702	-1.83752	57.5302
1.66071	0.808273	0.680022	1.89843	-1.04388	53.3836
-1.96684	-0.358854	-0.796439	1.18551	-0.101679	55.3005
0.615264	-1.74241	-0.446989	0.215372	0.361986	59.8821
-0.917321	1.37605	1.76345	0.554258	0.296372	61.2348
1.16214	-1.67714	-0.703523	-1.3864	0.448205	59.2771
-1.13703	-0.440242	0.38897	1.2883	-0.669579	53.2929
0.267671	0.776539	-1.95401	-1.80164	0.581313	58.1926
-1.64407	0.59353	-0.337472	0.209995	0.602579	52.7332
1.29066	-1.6908	1.79337	0.816114	1.18391	54.6006
-0.34101	0.955601	-0.919154	0.402591	1.76132	54.5922
0.0116212	-1.8183	0.0423126	-1.08367	-1.52696	54.5565
0.206838	-0.697835	1.26777	0.235718	1.09596	57.384
-1.88776	-1.30511	1.20387	1.21103	-0.962324	58.902
0.409311	1.70368	-1.84912	0.408347	1.32455	55.4266
-0.213063	-1.9952	-1.80968	-0.594697	-1.86683	54.9261
1.17308	-0.217213	-0.567714	1.44553	1.01838	52.3094
1.64499	-1.84484	-1.17861	-0.46717	-0.339076	61.9075
0.382543	1.49089	1.33351	1.38471	0.546246	61.5154
-1.56829	-1.20751	-0.525234	1.65473	-0.808155	58.8297
0.811004	0.489641	1.32944	0.657965	0.094953	52.8501
1.67947	0.445706	-1.57687	1.37676	-0.420965	58.3579
1.13087	1.05037	-0.25259	-0.432003	-0.959566	53.4374
-1.79961	1.60778	0.0913502	-1.77381	-0.383167	58.7579
1.06666	-0.785291	0.646914	-1.42374	0.82226	56.9865
-0.449964	0.414544	0.00538736	-0.762116	-0.468456	52.8898
-0.299537	1.70856	-1.27765	-0.370608	0.57396	55.1289
-1.17011	-0.31545	1.43429	1.22568	1.59181	63.2183
0.606953	-0.534588	0.849864	-0.714457	1.73255	54.1358
-1.60849	-0.848737	-0.362864	-0.793847	0.863494	49.8091
-1.21099	-0.417251	-0.838622	-1.15622	0.900485	55.8829
-0.67701	-1.64888	0.59075	-0.634307	0.391447	60.8446
0.491157	-1.41877	0.422091	0.590627	-1.59628	65.1249
-1.43107	-0.0178644	-1.04576	0.242442	-0.209696	48.2685
1.93943	-0.270385	0.230402	-0.210447	-0.0610895	51.3205
-0.411207	1.18864	-0.377163	-0.863141	0.634962	53.5297
1.64619	-0.270794	-1.51575	0.982572	1.51572	56.4725
0.589869	0.530629	-1.34665	1.22835	1.52638	57.148
-0.964389	-1.57737	-0.929847	0.630614	-0.582883	58.3527
-1.6175	1.58235	0.245848	-0.385052	-0.740991	54.7714
1.57123	1.93803	-0.0984914	1.56925	-0.124595	60.3951
-1.49396	0.501917	1.91124	1.51652	1.57453	64.5929
-0.69915	-1.97281	0.523987	-1.6045	1.02485	60.1537
1.94466	-1.73447	-1.45098	-1.74072	1.64662	64.102
-0.177506	-1.51475	-1.71846	1.41531	-0.71172	55.4664
-1.13131	1.41981	0.416963	1.50613	1.42061	57.6628
1.55674	-1.60211	-1.88965	-0.0915968	-1.02104	59.9259
-0.55985	1.99582	1.46495	1.90258	0.155437	63.7879
1.93541	0.657044	-1.94135	-1.95135	0.372099	65.1595
1.98176	-1.86165	-1.61568	0.997144	-0.71213	57.4553
1.057	1.93883	-0.544607	-0.58037	-1.3424	58.9896
1.42825	1.26701	-0.953951	1.15392	-0.6804	60.7542
-0.972976	-0.422659	-0.740584	-0.225077	-1.14355	56.9131
-1.66883	-0.445406	0.0691548	-0.867989	-0.292616	57.1757
-1.60421	0.20414	1.21106	-0.129177	-1.49991	55.2189
-0.0256551	0.57805	0.0567973	-0.0944294	0.915689	46.998
-0.909237	0.0380671	-0.41877	1.71302	-0.779688	55.796
1.96282	-1.15472	-0.857212	-0.574231	0.470296	52.2543
0.768325	-0.335496	1.6371	0.698786	1.85301	55.1631
-0.266645	-0.386378	-0.885097	-0.565969	-0.838722	57.2507
0.0705774	-1.71418	0.528299	-1.38532	-0.960001	56.1502
-1.65745	-1.63612	0.0131184	1.40015	1.53352	58.0285
-0.631764	0.922805	-0.564549	0.454396	-0.384336	52.7106
1.92806	1.29887	1.37346	1.94556	-0.571416	65.7669
1.28876	-0.66355	-0.0986101	1.44928	1.11025	50.5669
1.17531	0.581283	0.694084	-1.61159	0.5535	55.8497
0.273363	-0.300879	1.54521	-0.6654	0.556784	52.7999
0.213759	-1.57117	1.83728	0.317317	1.17794	55.7806
-0.249951	-0.598638	-1.07207	1.74316	-1.27141	59.6959
-0.0915745	1.18188	-0.92949	-0.30018	-1.23329	53.4859
-0.0782232	1.78993	0.63812	-1.21585	-0.00960958	56.0711
0.182386	-1.79214	1.22922	1.21357	0.687363	52.13
1.79654	0.0259858	-0.757338	-1.18679	1.59407	61.4237
0.77039	-1.16809	0.433103	1.098	1.16499	56.8965
-1.0078	-0.937952	1.87125	-0.245438	-1.61523	59.543
-1.7894	0.96528	-1.24565	-1.89748	-0.853911	61.948
1.99742	0.981872	-0.998178	-1.17744	-0.752848	57.1743
-0.409903	-1.6571	-0.187466	-1.4894	1.83042	63.6465
0.971078	0.11994	-0.235483	-0.430185	0.802871	53.6549
-1.4812	-1.19466	1.24122	1.82204	-1.42164	64.0054
-0.624062	1.87108	0.979022	-1.34577	1.71306	62.9864
-1.40313	0.539314	1.4557	-1.73236	-1.38598	67.9505
0.550126	0.359532	-1.43503	1.73785	-1.71724	61.2447
0.0224284	-0.60852	-0.643368	1.1724	1.04243	54.3089
0.352992	0.469339	-1.70699	-1.5345	0.805703	63.4474
-0.860955	-1.3135	1.87481	1.46234	1.69067	66.2631
1.05455	1.63981	1.92017	-0.267382	1.06991	58.4297
0.633816	1.65226	-0.56105	-1.29833	1.09315	57.963
0.107279	1.30404	-0.542645	0.249857	-1.89061	52.6163
0.765204	-0.317673	0.765625	0.89759	0.258841	54.7171
1.24553	0.246174	1.038	-1.37703	-0.581022	51.0496
-0.707319	-0.433825	0.427343	-1.76677	-1.99326	60.1175
1.17155	-0.924432	0.354298	-0.442827	1.40573	52.7606
-1.75852	1.87392	-0.295618	1.61695	-0.605144	60.7306
-1.01525	1.49064	-1.22163	0.838166	-0.814726	52.2646
1.89923	0.815369	1.6665	0.328867	-1.63897	57.8466
0.263702	1.64205	-1.55154	-0.310009	-0.264141	54.0099
-0.439595	1.41492	-0.974172	-0.895685	1.54436	56.1566
-0.170639	1.74393	-0.741183	0.0796955	-0.0036037	52.9054
1.14934	-0.578745	1.86443	1.81656	1.03256	53.7011
0.228166	-1.12381	-1.15685	-0.453245	1.52382	56.2824
-1.79856	-1.78596	1.98446	-0.956695	-1.56411	64.0262
1.54148	1.26985	-0.718961	-1.82176	-0.460816	56.2639
0.4644	-1.65561	0.820456	-0.0965488	0.663894	51.5863
1.69051	0.0354223	-0.99735	0.932822	0.443213	54.9352
1.99238	-0.152341	-0.780365	-1.19187	-1.92019	51.607
1.43482	-0.517252	0.421813	0.168432	-0.683832	57.9351
-1.17635	1.46484	-0.911041	1.67524	-0.742043	62.5327
0.940602	1.6507	0.620177	1.63216	-0.734805	60.0997
-0.818187	0.118595	-1.66714	0.290555	-1.96814	57.1607
0.661028	0.519903	1.96128	0.594891	-1.21881	59.8812
-1.3719	0.235917	0.697283	1.59866	1.74533	65.1811
0.777021	1.41703	0.972327	-1.95701	0.125578	56.0023
0.707024	1.46563	1.00967	-0.359515	0.902312	59.0477
-0.160577	1.71147	-1.00696	0.403247	-1.95315	51.9966
-0.841721	-1.25522	1.15345	0.16354	0.442364	56.895
0.338995	0.216769	-0.662011	1.637	1.55282	58.7181
-1.19424	-1.45294	-1.61168	1.48558	1.84165	58.4769
0.249345	1.73728	1.86542	1.38329	-0.598556	59.8016
-0.610511	1.94955	-0.47266	-1.21604	-1.92959	60.4728
-1.74129	-0.901632	-1.03198	1.52349	-1.15503	56.1071
1.06881	1.37725	-0.189302	0.0665643	-0.611736	49.0484
1.57356	-1.17929	-1.94854	1.96323	-1.95826	65.4477
-0.613699	0.844268	1.68746	0.254238	-1.7338	58.8703
1.03054	0.135096	-1.39628	0.51029	1.63718	58.4752
1.46207	-1.01327	0.933954	0.228344	0.435282	57.9096
-1.54225	-1.13276	-0.735625	-1.98416	-0.392024	59.0449
0.099989	-1.35948	1.11974	-1.59172	-0.79382	54.2599
-0.593173	-0.715648	1.35953	-0.0446808	-0.215301	56.4623
-0.141861	0.192523	1.54259	-1.74872	-0.24995	51.1039
-1.33508	1.97969	-1.26313	-0.362105	1.10981	56.9735
-0.305133	-0.090306	0.286153	0.112142	1.15223	46.9122
0.0346083	1.65243	-1.88162	-1.66514	1.9736	61.9383
-1.05508	0.571621	-1.70026	0.613039	-0.418488	61.889
-1.32609	1.84739	1.41603	0.17297	0.84692	57.636
-0.0118559	-0.108405	-1.42047	1.83757	1.76435	54.1594
-1.01884	-1.58352	-0.0869535	1.85281	0.444728	56.5402
0.572061	-1.07064	-0.187222	1.77274	-1.79267	55.3573
-0.919899	1.5902	0.600302	-1.28412	0.267377	54.2909
-1.31163	-1.25932	-0.860632	0.155875	-1.80615	53.4147
1.49558	-1.92932	1.36117	0.334934	-1.55903	68.1631
-0.142081	-1.68401	-0.718165	-1.05042	-1.35776	51.4917
0.716172	-1.68999	1.1123	1.79214	1.60185	63.1719
0.965835	0.723562	-0.439049	-0.549579	-0.247825	49.8827
-1.67237	1.89255	1.67031	1.84723	-0.603355	61.4357
0.997155	-1.29893	0.611496	0.41035	1.14899	57.0585
0.294778	-0.449027	0.317062	-0.74926	1.98707	50.5438
-0.142796	1.0021	1.84662	-0.0555979	-1.01996	52.3791
1.88736	-1.73012	-1.92671	-1.05164	-0.346414	57.7966
1.94748	0.772998	1.60723	-1.57777	0.0843141	58.5895
-1.22787	1.88796	-0.11223	-1.30056	-0.151468	55.4174
-1.16921	0.873072	-0.0830617	0.305029	1.60082	49.5745
0.645326	0.646656	-1.89256	1.94236	-1.07023	52.7167
-0.726599	1.5963	1.42211	-0.819767	-0.338909	59.5778
1.38761	-0.231155	0.985603	0.935136	0.953786	54.6053
0.215346	1.7867	1.80142	-0.770137	0.296416	52.0389
-1.16206	-0.156838	0.863324	0.900362	1.83625	54.8432
-0.652448	0.607417	1.02294	-0.800004	-0.286595	56.0194
0.977016	-0.999022	-1.89922	-1.64058	-0.247736	60.0668
-1.73436	1.34884	-1.46256	-1.13185	0.774501	59.6705
-0.638274	-0.872495	0.522253	-0.321219	1.0386	50.374
-0.271802	0.814935	-0.114083	0.302645	1.76473	56.8974
-0.283371	-1.43118	1.77626	-1.07821	-1.54586	59.8649
1.1084	1.71641	1.06888	0.209834	-0.294087	57.236
1.08107	-1.89086	-0.0701575	0.783888	-0.27737	52.3203
-0.639186	1.39262	0.951965	-1.01096	-0.120737	48.2617
-0.484654	-1.63649	1.93628	0.70958	0.468431	59.9389
-1.74673	0.358005	-0.341148	-1.861	1.76782	58.5107
0.0260673	-1.0882	1.70314	-0.385704	0.500386	56.3317
-1.20859	0.235444	-1.60734	-1.93553	1.93883	57.1818
-1.34072	-0.903627	1.11365	-1.33301	1.74099	56.4335
1.17363	0.451654	-0.369741	0.359522	1.63323	54.7156
1.49794	-1.77053	-0.0571629	1.17792	-0.51886	52.3515
0.761061	1.23935	-0.124516	-1.4678	0.785225	50.4309
-1.82954	-0.325179	-0.144293	0.844038	0.177621	57.313
-1.06378	-1.67136	0.850076	0.729934	-1.0465	51.6887
0.906173	1.00657	0.474458	0.797515	-0.512545	55.9868
-0.359702	0.00762264	-1.49518	1.80987	-0.143842	60.2901
0.795771	1.04836	1.40133	0.74674	-0.202514	50.9174
0.02106	0.327005	0.828891	-0.61158	-0.617689	50.4897
1.75673	1.40183	1.64106	-0.552645	-1.087	62.5504
1.75994	0.837385	1.01517	-0.797477	-0.107935	49.1267
-0.837432	-0.919483	1.26874	0.637008	-0.00334094	48.8187
-1.44518	-0.0801369	-0.874402	1.82552	0.513639	56.9198
0.359783	-0.15103	1.92005	1.06756	0.0993461	49.2965
-0.079738	0.400342	-0.867694	0.832975	1.92859	57.4485
-0.655682	-0.946333	-0.839637	1.66219	1.03478	56.6727
-0.751418	-1.79387	-1.85546	-0.856193	-1.15799	61.8168
1.45712	0.883772	1.43099	-1.30835	-1.96992	57.3842
1.98314	0.515894	-0.912299	0.537126	-1.30371	54.0238
-1.99141	-0.565775	-0.294256	-0.958166	-0.521248	54.106
-0.96282	0.579274	-1.30088	-0.824951	-1.36592	54.255
0.563667	0.486698	-0.0464793	1.46114	0.0626028	55.8503
1.46305	-0.0616386	1.68329	1.98864	-0.470994	60.7864
1.00594	1.85503	0.952464	-0.407431	1.8115	52.1625
-1.80544	1.35111	1.16473	0.16947	-0.365384	55.9587
-0.0659285	-0.106122	-1.74311	-1.85282	-0.929764	54.1873
-1.69639	1.39404	1.92967	-0.0527518	0.8811	56.7004
-0.981217	-0.814336	-0.356617	-1.61111	-0.816202	54.6115
-0.564477	0.115439	-1.43954	0.112348	-1.0133	52.7856
-1.28812	0.616803	-1.36127	-1.00821	0.597464	57.2763
0.54105	-0.0256665	-1.15796	1.5157	-1.31915	59.3472
1.7611	1.37263	0.00848752	-0.858089	1.93649	56.3996
0.458785	1.15548	1.87825	-1.71459	-0.324314	53.2122
0.185211	-0.643035	-1.00143	-1.57548	-0.949665	58.8607
-1.4266	-0.485397	-1.30854	1.95224	0.972663	56.0981
1.46042	1.50509	1.91407	-0.51132	0.181617	60.6486
-1.08846	0.686674	0.654026	-0.180902	-0.832915	56.677
-1.88652	1.87376	-1.72767	-0.578582	-1.17504	62.0965
1.94003	-1.10702	-1.98955	0.924025	-0.600194	61.3877
1.66214	1.39594	-0.159393	-0.397014	-0.279304	59.0017
-1.09973	-1.43928	-0.951239	0.924402	-0.822678	54.087
-0.418381	-0.430533	-1.88515	-0.528102	0.798676	53.7141
0.678263	-1.52361	-0.708838	1.63325	1.51175	59.7365
-1.88663	-0.222784	0.767831	0.629897	-1.12787	56.464
-0.155286	0.242192	0.911686	-0.76044	-1.12447	46.9855
0.934693	-1.66273	-1.18909	0.374041	0.502446	56.3782
-1.64763	0.147825	-1.44463	0.603348	-0.13752	58.5464
-1.38993	-1.30759	0.00336878	0.53454	-1.97549	59.1017
0.266973	0.891105	0.148687	-1.37747	-1.1089	51.1138
-0.874575	-1.22797	-0.300157	-1.39242	-1.63734	59.0372
-0.0644582	1.14421	-1.15704	-1.29263	-1.20044	57.9258
1.51194	1.47999	0.221384	-0.772302	1.38299	57.6636
0.467336	0.408072	1.25556	-1.33114	1.94563	55.3813
-1.35247	1.00328	1.11434	-0.0497548	1.96112	55.4003
-0.86431	1.22071	1.08518	-1.5575	-1.16674	54.8178
-0.506044	-1.13962	1.82619	-0.815023	0.335572	51.2264
-0.64991	-1.18286	-1.97826	0.23242	1.46571	62.6315
0.328688	-0.338773	-0.280792	1.63963	0.74621	56.5141
-0.456011	0.834821	1.6155	-1.13086	-1.81266	62.8744
-0.339734	-1.71451	0.819598	0.186823	0.228168	49.3326
-0.0920157	-0.643401	-1.11769	1.28058	-1.90873	53.1362
0.645247	-0.907409	-0.605453	-1.52103	1.3035	54.6295
-0.13942	-1.98636	-0.290688	-1.00707	1.54102	54.9023
-0.169993	-1.78965	-0.755536	-0.172102	-0.527732	49.5533
1.05433	1.36624	-0.827695	0.258303	-0.27082	54.839
0.00349438	-1.35448	-0.703808	-1.49577	-0.208575	52.4874
0.381282	0.34242	-0.18198	-1.61369	0.99093	53.9623
0.949969	1.02918	1.05275	0.902312	-0.381145	55.1512
-0.712673	-1.96137	-0.156032	1.89848	0.898674	54.7708
1.84217	0.499931	-0.923821	0.99704	-1.97892	58.1208
-1.56463	-1.62235	1.18359	-0.967246	-0.212104	55.7546
1.65853	1.2825	1.81379	-1.9059	0.50181	63.9584
1.76752	0.0599119	-0.430061	-1.44996	1.543	57.7885
0.11998	1.66528	-0.580202	1.21267	-1.76882	57.447
-1.61187	-0.0942598	1.23395	-0.484964	1.14307	56.4359
-1.24494	1.41092	-1.41936	0.135062	-0.517556	54.3923
-0.262268	1.03443	-0.759101	0.0643971	1.79882	55.9435
1.6648	1.12283	1.03401	0.995387	1.48938	61.6949
-0.343018	-1.35133	-0.662454	0.44382	-0.623423	57.4154
0.59769	-0.124685	-0.133361	-0.990123	1.92949	52.6323
1.49569	0.922064	0.339738	-1.73829	-1.1885	55.6658
1.91692	-0.130784	-1.9427	1.94288	-1.24006	64.0396
-1.68268	1.4793	-1.23486	1.33382	0.747509	57.6724
1.87787	-0.369143	0.956192	0.407697	0.961204	55.077
-0.70867	-0.761342	1.93175	-0.0325108	-0.230706	55.1655
0.682063	-0.4352	0.72	1.82882	-1.23375	52.4237
-1.56014	0.0903528	1.03023	1.52218	-1.54134	63.4054
-1.83094	0.167406	1.84205	1.77862	-0.162396	61.1958
0.418573	1.21066	1.08302	1.62861	-1.41277	57.0038
-1.11106	-0.121262	1.23306	-1.0472	1.60434	54.6804
0.164404	-0.989412	-0.853761	-1.98006	1.50943	60.8473
-1.65352	-0.508844	1.77635	0.477674	-0.37043	55.4224
1.22225	1.85433	-0.218725	-1.09486	0.0865123	52.9894
0.0286342	1.24247	1.14325	1.80779	1.27054	56.4132
-0.612969	1.43009	-1.67425	-1.40484	0.936424	60.1014
-1.51414	0.0159626	-0.73295	1.5033	1.17274	53.6802
0.236411	1.26726	-1.92993	-1.74663	-1.78407	55.7033
1.76756	-0.891181	-0.138025	-1.2585	0.0804725	49.9836
-1.98148	-0.591905	-1.20824	1.72638	-1.13837	53.7815
-1.35701	-1.81408	-1.91265	-0.635612	0.456895	59.7992
-0.442407	-0.959167	1.62931	1.90217	1.87816	57.0321
1.92063	-1.64634	-0.335498	-1.66492	0.95443	54.586
