-1.50723	-1.48947	1.61778	-1.02936	-0.379961	60.7924
0.224895	-0.815306	1.1286	-0.778402	1.48739	50.0293
0.990067	-0.0369683	1.52777	1.26673	-0.130924	48.5719
-1.68917	-1.60978	-1.62473	1.85672	-0.378339	66.1732
1.36657	1.14219	1.10029	-1.53447	-0.000977267	50.9127
-1.17311	-1.40684	-1.26431	1.27169	-0.267082	56.7707
-1.7364	-1.96435	-1.82659	-1.3989	-0.38828	67.5366
0.510826	0.360446	-1.80199	-0.0515131	1.86449	55.6899
-0.83064	-1.10013	-0.801196	-1.4455	0.629418	59.4507
-1.29953	0.149071	0.629877	0.559181	0.255186	56.541
1.83755	1.59666	0.179832	0.320157	-0.163437	56.9857
-0.069498	-1.86501	1.32917	-1.14651	-1.99039	59.567
-0.864597	-0.268433	-0.07787	-1.29056	-1.31903	58.2898
0.962642	-0.041695	0.277278	-0.24551	1.13084	47.8729
1.70353	-0.536627	-1.02201	-0.113027	-1.80176	59.5212
-0.5669	-1.24851	0.2056	-0.434742	1.11121	58.4559
0.215172	-0.470394	-1.03074	1.2301	0.959717	54.0292
1.34338	0.912921	1.72347	0.127359	-1.29515	60.7235
0.118095	-1.77704	0.509097	-0.0651085	-1.79382	55.5559
-1.74348	1.14474	1.07714	-1.85981	1.37044	60.6282
-1.67883	1.20557	1.37914	0.597	-0.877322	62.3646
-1.89788	-1.38028	1.28395	0.472809	1.17959	60.0634
0.685355	-0.628978	-1.01052	1.27402	0.718939	50.1007
1.45607	-0.7639	-0.582342	1.49513	-1.57529	58.9378
0.270538	1.99122	1.73737	-0.724269	0.848564	57.0912
0.577381	-1.83749	0.155465	-0.801641	0.106703	52.5567
-0.752307	0.028078	0.636825	1.58362	1.38722	60.0835
-1.84394	-0.449953	0.13627	0.334771	0.563375	57.428
-1.23535	-1.99169	-0.284233	-0.801991	1.8314	59.62
-1.23315	1.1175	-1.55883	-1.9916	-0.325916	59.9961
1.52709	-0.454779	-0.711923	-0.416051	0.586803	57.4645
-0.0569369	0.138285	-1.28325	-0.391607	-1.37027	54.3257
1.96787	-1.15253	1.94439	1.15969	-1.67567	57.5252
0.918646	-0.657644	1.67154	-0.13754	1.50423	60.8314
-1.04021	-1.8403	-1.00945	-0.199815	1.46746	58.6385
-0.322389	1.30684	-1.63314	-1.12128	-1.88875	64.6082
-0.786025	-1.64975	-1.69198	1.92101	0.620892	65.7126
0.679293	-1.54688	-1.2965	-1.81026	0.720489	58.0262
-0.263836	-0.637666	1.65984	0.806984	1.02743	57.6184
-1.8988	-0.0432794	-1.04278	-1.97807	-0.871612	58.25
-1.31466	-0.485476	-0.0262093	-0.280196	0.608555	49.4804
-0.819483	0.936961	-1.38027	0.22702	-1.74237	51.9226
0.046779	1.21149	-1.86258	0.654824	-1.53628	62.0121
-1.36211	0.728852	1.05308	1.0753	-1.14749	54.3131
-1.44166	-0.0967085	-1.86207	0.48212	0.194814	60.9795
0.63124	0.444389	-1.6383	-1.70805	0.906607	54.6014
-1.48561	0.428119	1.79239	0.320264	1.75867	60.8037
-1.25909	0.0180265	-1.54141	1.83578	0.577553	56.9041
-0.511904	0.808556	1.54145	-1.80163	1.15153	61.4973
0.241232	-0.232916	-0.975051	-0.276473	-0.473238	47.7695
0.456749	0.385255	-0.68754	1.39957	1.14666	54.711
1.38625	-0.787326	1.19796	0.992493	0.608593	54.7579
0.950355	-0.164224	0.178885	1.49143	-1.73754	50.9544
-0.611916	1.99422	-0.0427677	1.64501	0.194006	53.9179
-0.584141	1.49289	-1.46292	1.92934	-0.95088	60.3162
-1.41765	1.92035	1.6482	0.438288	-0.189914	54.4071
1.68198	0.120945	0.215627	0.658849	-0.850155	55.6147
-0.466212	-1.49498	-0.2801	1.81301	1.95952	57.4456
0.315885	1.89171	-1.0406	-1.35494	0.553339	53.6905
-0.524734	1.25741	0.712238	-0.278299	-0.517301	52.9433
1.13938	0.686326	1.59315	1.60529	-1.70342	58.3739
-1.81406	-1.79359	0.124348	0.672542	-1.61724	55.8616
1.72787	-0.376334	-0.766023	-1.8566	-0.675083	57.6184
0.0992435	1.31289	1.87808	1.44008	0.165556	52.1073
-1.9983	-1.87421	0.251085	-1.08514	1.05566	55.8007
0.669478	-1.18798	1.64722	-1.73444	0.684902	56.882
-0.944004	0.229284	0.933318	-0.131599	1.80942	56.7695
-0.282383	0.851451	1.69097	-0.980515	-0.0871854	50.1185
0.283162	-1.86304	1.45265	1.88753	-1.37583	60.9623
0.236903	-1.77793	0.394091	-0.613183	-1.65136	54.2597
-0.51349	1.65256	0.790528	-1.81218	-0.5204	58.5135
-0.358805	0.114522	-1.77052	1.94393	-0.556183	61.1136
0.866347	1.50775	0.746069	-0.206665	-1.76526	56.7305
-0.926957	0.485206	1.82101	1.59774	-0.86387	58.1141
0.612166	-0.0801113	0.312721	0.637638	-1.43697	57.5311
-0.756536	0.793167	-1.29519	-0.352368	1.27921	54.839
1.04889	0.0628107	1.73708	-0.783685	-1.92425	58.877
0.577426	-1.36825	-1.89392	1.97461	-1.06372	54.3173
1.47667	1.43692	-1.07956	-0.603551	-0.310849	58.0745
0.416579	-0.959886	-1.99455	1.98169	0.806388	62.3568
0.27427	-1.53094	-1.72834	1.38564	0.8493	57.7002
-0.721946	1.47954	1.43438	1.56877	-0.805557	56.8954
1.52034	1.81766	-1.81715	-0.119291	-1.82221	65.5392
-1.8358	-0.608887	-0.905684	-0.341363	-1.19754	56.3209
0.178436	0.196893	-0.281356	0.43222	1.46769	58.6577
-1.8862	1.23917	-0.259692	-1.04095	1.23371	60.4097
0.440488	-1.06227	0.979455	1.14659	-0.64954	55.139
1.86231	-0.400327	-0.921897	-0.0395691	0.857326	57.1331
-0.453904	0.492117	-0.881785	1.02008	-1.38132	58.9971
-0.263455	1.43475	-0.955363	0.247399	-0.797386	50.2605
1.57816	-0.654127	0.470007	-0.206149	1.35966	61.8728
1.99268	1.3353	0.954651	-1.46582	1.69656	62.1662
1.03865	0.784997	1.48034	0.259557	1.80201	61.8506
0.27965	1.55673	1.15474	-0.615995	-0.382326	52.4562
-1.80745	1.0004	-1.99953	0.134836	0.874458	56.4353
0.0687409	-1.52065	1.32812	0.20501	1.96677	59.0075
-0.191031	0.751429	-0.748262	0.202934	0.500186	48.6928
-1.55091	1.6322	-0.889811	-0.276944	0.631685	56.8754
-1.79595	-0.998754	-0.488149	-1.97603	-0.452856	61.7464
-0.456871	-1.1121	-0.347851	-0.113806	0.397225	52.5591
1.53239	-1.45491	0.91402	-1.99369	0.492439	60.5993
-1.06208	0.311819	-1.02523	-0.401238	1.87124	55.0739
0.390451	-1.67161	-0.423084	0.00538767	0.741006	54.8626
0.332148	-1.1008	1.05803	0.550335	0.371063	53.2751
1.90152	-0.637842	0.627275	1.24133	0.96573	56.3885
0.136281	-0.187702	-0.435579	-1.27144	-0.988404	50.3007
0.930487	-1.1023	-1.23446	-0.000338315	1.50081	52.4315
-0.70369	-1.72707	-0.91019	1.58403	1.35175	65.0607
0.0263532	-0.838295	0.220919	-1.59557	-1.26377	55.7353
1.24841	-1.88165	-0.29366	-1.9553	-1.05918	57.7628
-0.361629	1.46964	1.73478	-0.307973	0.187478	56.5549
-0.924089	-1.94316	1.08164	0.805563	0.30604	52.7716
0.0448737	1.63916	-0.369617	-0.956535	-0.929477	50.9777
-0.849176	-0.447208	1.08482	-1.99765	0.0672582	51.5344
-0.152054	1.52529	0.0742449	0.34029	-1.02761	56.804
-1.47661	-0.454296	1.40048	-1.92689	-1.30784	60.13
0.625794	0.23781	1.77405	1.98117	0.700607	52.5982
-1.05236	-1.06188	-0.606072	0.447936	-0.735416	52.2307
1.87188	0.789132	0.368737	-0.936304	0.977585	53.3869
-0.825681	-0.0333325	1.38993	-0.780431	-0.149423	47.6557
-1.27298	-0.900162	-1.77998	1.69673	-0.394864	62.433
-0.447332	0.845842	1.61846	-0.0781203	-0.987935	51.6028
-1.44003	-0.427984	0.778312	-0.532759	1.04569	53.1164
-1.04245	-0.402776	0.419717	0.93467	1.83983	58.8091
1.93905	0.288606	-0.315472	-0.341354	1.04498	52.813
-1.26748	-1.69683	-0.118244	0.353012	1.80926	61.3083
-1.33118	-0.290286	-1.00002	0.527146	-1.12135	58.7441
-0.638769	-1.75625	0.544551	1.92662	0.646358	58.0105
-1.14993	0.78142	-1.96275	-1.03689	-1.30936	60.1436
-0.28695	1.94538	0.842578	1.94924	-1.67234	60.0256
-0.334433	1.86872	-0.690301	-0.646631	-1.3951	52.8109
-1.15644	-1.99038	-1.92088	-0.171178	0.390922	58.7493
1.07716	0.819765	0.764372	-0.915467	-1.04711	46.531
-1.00992	1.40219	-1.22652	-0.420787	-1.04669	59.2314
-1.98101	0.663584	0.242633	-0.0367741	0.289094	55.9186
1.14556	1.68918	-1.00685	-1.15651	-1.77579	58.8729
-1.36739	0.236527	-0.962927	0.108678	-0.323731	53.8233
-0.0936503	-1.1227	1.35413	-1.10574	-1.54008	58.735
-0.855034	1.58276	-0.303585	0.26349	-0.473354	54.1721
-1.03854	-1.48049	-1.05091	1.82846	0.707389	56.5114
-1.21765	1.77388	-0.222021	1.88895	-0.593994	58.1377
-0.0210688	-0.167612	-1.52289	1.97505	1.33993	55.9533
-1.3851	1.21477	-0.678099	0.798851	1.62649	60.8436
1.43942	0.263872	-1.67246	0.833536	0.0204657	55.6247
1.28581	-1.41928	1.65202	-0.511839	-0.174968	54.1946
-0.693281	-1.8675	-0.906806	0.121193	1.11898	56.1148
1.09585	-0.550301	1.96514	-0.873716	0.207426	55.9872
0.0397987	-0.398002	1.46328	1.61411	-0.854374	52.6256
-1.14524	1.0088	-0.925731	0.941678	1.07422	52.9327
-1.73396	1.51745	1.93787	1.82587	-1.77717	63.7959
-1.05565	1.70756	1.16396	0.422279	-0.505161	53.6849
0.522185	-0.917756	0.18648	0.737577	1.92358	58.1195
-1.13241	1.32624	-1.29517	0.998039	-0.221452	56.2927
-0.0635968	-1.86169	1.35734	-1.09699	-1.00928	58.0601
-0.321474	-0.488272	0.653821	0.188769	0.685955	50.0939
0.980913	-1.25726	0.595455	-1.25241	-0.410615	53.7132
-0.49604	-0.523044	1.50429	0.816118	0.913229	57.6932
-1.033	-0.533185	-0.0206306	0.952528	-0.098604	52.9725
-0.406567	0.156854	-1.12634	0.403281	0.665632	57.7372
1.27902	-0.503538	1.00607	-0.726272	1.59063	54.8464
1.18271	1.23072	-0.683679	-1.51382	-1.34279	57.718
1.90007	0.142553	1.54126	1.58531	-0.114194	54.099
1.28321	1.40388	0.287431	0.113558	0.739388	59.2202
0.115636	-0.868649	-0.276241	1.81471	-0.612067	50.9362
1.98597	0.28353	-0.768635	-0.734907	-0.284495	58.4672
-0.216124	1.84303	-0.256249	0.747965	-0.019053	50.7941
1.59749	-0.318211	-0.0914315	0.313432	1.22668	56.548
0.166299	0.278745	0.536899	-0.933334	-0.853209	48.5697
1.24703	-1.07853	-1.72003	-0.408043	-1.54627	53.9792
-1.13442	-0.727292	0.437342	-1.10425	-1.06819	54.1279
-0.898481	1.43081	-1.86368	-0.0755088	0.197273	52.4219
-0.832133	1.26846	1.28997	-0.186682	-1.6339	60.7972
1.25718	1.7629	-0.469994	-1.02412	-0.188747	52.2415
-1.26595	-0.425133	-1.35944	-1.72402	0.640629	64.7865
-0.329474	1.24039	-0.237971	-1.89743	0.115469	51.9482
-1.97147	-1.83926	-0.560897	-1.3449	0.268737	64.3205
1.37701	-0.889833	1.67772	1.88861	1.57487	57.7168
-0.770124	-1.74421	1.78906	-1.26519	-0.587548	64.7428
-1.18975	0.338909	-1.80887	-1.68511	-1.7102	55.5188
-0.146136	1.26187	-1.19001	-1.65283	-0.947258	58.709
-1.75013	1.74994	-0.364544	1.19985	0.411033	55.5195
-1.76744	0.296394	0.776158	-1.02775	1.54306	53.8099
0.250239	-1.21054	-1.63597	0.461124	-0.224835	50.6809
-0.796019	0.692961	-1.55364	0.650001	-1.68654	62.8946
1.28985	-0.508132	-0.0949735	0.083414	-0.348818	48.0192
-0.283155	-1.90429	0.416264	-0.00809033	-1.4893	58.0342
-0.50702	-0.949434	-0.276911	1.0756	-1.39587	55.5513
-0.147425	0.14594	0.261718	-1.77815	-1.23648	51.8037
1.0272	1.47441	-1.53921	-1.57879	-1.85287	67.7949
-1.77651	0.87288	1.43334	1.12729	-1.67242	55.0728
0.998224	0.235708	-1.97466	1.64413	-1.59282	59.5665
-1.17402	-0.299104	-0.957343	-1.22067	-1.87366	52.6114
-1.40093	1.72689	1.86695	-0.677526	-0.480839	61.4481
-1.84276	-0.498858	0.111967	1.58949	-0.330624	53.2994
-0.616933	1.08796	1.68346	1.08141	-1.86346	57.8111
1.53142	0.775052	0.163323	0.252757	-1.79883	52.9157
1.93572	0.390126	-1.65371	1.59345	0.493604	57.3518
-0.223238	-1.71293	1.3251	1.60988	0.839931	54.6753
1.73833	-1.81144	0.441765	-1.51165	0.367991	61.2219
0.711028	1.50027	-0.112162	-1.80526	-1.65434	59.4706
-0.918685	-1.51055	0.00780624	-0.133186	-0.0619901	53.2131
0.624284	-0.406669	-1.55529	-1.09571	1.56779	58.0181
1.87423	-1.60144	-1.42509	1.72745	-0.823915	67.4521
0.86677	-1.21622	1.12343	0.242948	0.188715	54.6673
1.54845	1.80452	-0.94445	-1.07984	-0.409268	52.3459
1.40157	-1.94856	0.866903	0.457976	-1.53295	58.4064
-1.8262	-0.714844	-1.83463	1.23679	-1.99314	60.2747
1.93808	0.609258	0.0198452	-1.54927	-1.87199	59.7386
-1.19272	0.624265	-0.328096	0.302167	0.869235	55.899
-1.78111	1.31484	-1.84421	-1.97171	-1.38908	63.5461
1.23623	1.12356	0.256559	0.150912	1.80442	58.2701
-1.66229	-0.571475	1.81437	1.85421	0.506262	57.1925
-0.053236	1.77439	-0.291544	0.508417	-1.94221	59.3162
-0.988144	-1.51109	1.6594	-0.484929	0.402075	62.2874
-1.50653	-1.87479	-1.70608	-1.13843	-1.02634	59.3789
1.12314	-0.0867806	-0.747011	-0.779216	0.280131	47.3991
0.822498	-0.00397916	0.0112629	0.936748	-0.112712	43.6523
-1.05901	-0.745664	0.328457	-1.25685	-1.22935	57.0763
0.252559	-1.48546	-1.89934	-0.439241	-1.73997	56.677
1.89184	1.36037	0.815223	1.79666	-1.57434	60.0116
1.03099	-0.984369	-0.896439	-1.03153	-0.58311	50.3269
-0.275241	-1.01899	0.750544	1.1671	-0.72074	52.4058
0.206196	0.255805	-1.71378	1.65862	0.0798	52.1314
-0.82082	0.317982	1.20803	1.67746	-0.711804	55.9558
-1.92191	1.04424	1.778	1.63956	1.2994	66.7607
0.0121554	-1.35833	0.535984	1.36451	-1.55817	59.7944
1.45086	-1.38036	-0.691183	0.122147	-0.714208	53.1673
-0.968913	0.754808	0.244573	-0.50453	-0.961706	54.8347
0.168545	1.14824	1.89272	1.446	1.28909	59.7403
-1.54638	0.388046	-0.0895201	-0.853734	0.514265	56.4513
-1.26371	1.39	0.682395	1.63178	-1.06461	63.5225
0.0518777	0.786782	0.0937987	1.13492	-1.12298	52.2839
-0.885617	1.72662	1.07536	-0.386453	1.79287	55.561
-0.763905	0.343179	0.950369	1.10214	0.778135	50.4026
0.118796	-0.431946	-0.168953	1.71205	-1.34398	59.3293
1.49391	0.938723	0.855271	0.000177221	-0.624703	49.6633
-0.126622	0.543605	0.818281	0.118155	-0.549252	51.8729
-0.35481	-0.943275	-0.672673	-1.82944	-1.69917	54.2185
0.821043	1.326	-1.79965	-0.247873	0.492764	54.9815
-0.329268	1.28353	-1.01659	-0.00556767	1.3573	58.8042
0.760975	0.619925	1.13305	-1.19717	0.254818	58.2492
0.160626	-0.446258	0.894318	0.844867	1.45779	55.5076
-0.761329	1.18458	-0.738569	-0.268016	-0.589403	58.3236
0.613882	-0.620002	-0.474269	-0.177603	1.85806	59.7846
0.932063	0.78172	1.02042	0.790654	0.472124	47.841
-0.367452	-0.847744	-0.119437	1.8606	-0.982098	49.3137
-0.706144	1.30337	-0.0583628	1.38858	0.831386	50.9298
-0.64475	1.95762	1.69821	-0.104008	-0.51879	55.2768
-1.09541	1.24365	0.981463	-1.43169	1.99125	57.199
0.281949	-1.06414	1.89332	1.19701	1.03742	52.3221
1.59185	-0.84256	0.838927	-0.276428	0.0399144	55.6299
0.936664	-0.0530478	-0.78672	-1.27218	-1.53321	49.5859
0.752607	1.71663	-0.848551	-0.695157	-1.07136	59.8544
0.90732	1.83913	-0.377464	1.88414	1.11361	61.5464
-0.736042	0.918082	-1.70191	1.77448	0.127427	61.1614
0.712248	-1.66693	1.07586	1.25136	-1.73608	54.2471
-1.10501	1.23159	-0.955979	0.85073	0.0996346	50.0937
1.15136	-0.673217	1.54478	1.28639	1.07664	54.8768
-0.635225	-0.749854	1.77261	-0.451979	1.8355	58.6439
-1.10717	0.53624	-0.224308	0.552292	0.664307	57.0291
1.85061	-1.50303	1.7737	1.69176	0.185582	60.0924
-1.51527	1.66363	0.544429	-0.455524	-0.212765	60.5799
0.504361	0.427498	1.38011	0.413552	-1.83587	58.8527
1.90734	-0.627056	-1.22867	1.95137	1.91134	56.6634
-0.125164	1.26523	-0.223394	0.839902	-1.31763	51.6114
1.48177	1.61073	1.14522	-0.812202	1.26528	55.0805
0.783626	1.22026	1.48451	0.235789	1.90995	62.291
1.00453	-1.63265	-1.76932	-1.50928	-0.784501	59.433
0.113063	-1.74605	0.0100132	1.36494	0.0987085	57.8249
-1.54012	1.38737	-0.502321	-1.68054	0.899853	60.5254
-0.662398	-1.09212	-1.94486	0.518336	-0.0143067	56.0584
-1.34268	0.365116	-1.89172	0.0318674	0.379111	56.3974
-1.67237	0.160765	-0.311988	-0.237218	-0.290531	53.549
-0.485966	-1.96994	1.43782	0.724102	1.5222	56.2271
-1.27364	-1.20548	-1.64482	-1.79447	-1.1788	63.1763
1.68281	0.83275	1.87008	1.65626	-1.90074	61.7268
-0.227266	1.02339	-1.85407	-0.460527	1.14585	55.7761
-1.68512	0.617202	1.4291	-0.456705	-0.724968	59.7482
0.791826	-0.382294	1.16415	0.297654	1.36426	54.4464
-0.526547	-0.587928	-0.687146	0.913359	-0.331435	49.5838
1.72676	-1.81183	0.740339	0.348843	-1.0291	53.3999
-1.44803	1.95085	-0.533099	-0.932199	-0.992461	52.5358
0.837398	0.333571	0.712889	0.583096	0.505016	49.1331
0.506081	-1.28142	0.822072	-1.38757	1.51435	59.3071
-1.76201	-0.307865	-0.574271	0.582681	0.543808	60.5983
-0.472978	1.58116	-0.432754	-0.31773	-0.890791	60.7123
-0.557893	1.02109	-0.663645	-0.721309	1.57452	53.5088
0.553744	1.00385	1.0869	1.91125	-0.510769	53.422
1.98106	0.698431	-0.647578	0.964844	1.68289	52.738
-0.885831	-0.434989	0.271778	1.87257	-0.137269	50.3153
-1.52828	0.877027	1.00163	-0.47163	0.759269	51.2441
1.73568	0.687087	0.650208	-1.60012	1.71496	56.5778
-0.358692	-1.48114	0.971442	-0.799957	1.96672	54.2708
-1.93722	-1.38465	0.108969	0.0307826	0.760395	58.6066
-0.309683	-0.853157	0.213471	-0.335934	1.44386	49.1896
1.21064	-1.2595	-1.34216	-1.56067	1.7389	64.1398
1.11059	-0.579262	1.88783	1.9663	0.136018	56.7321
-1.62441	-0.357392	-0.926443	0.63942	-1.45354	62.8384
0.133487	-0.220792	0.290331	1.11558	-1.62053	53.4003
-0.904512	-0.270114	-1.1574	0.815599	1.70156	58.7968
-1.58546	-0.527634	0.287679	-1.0136	-0.518563	55.6843
-0.0964187	-1.36874	1.5977	1.88461	0.786422	61.8026
-0.391735	1.78033	0.482676	0.975214	-1.70775	54.7832
-0.368863	0.700297	1.75354	-0.848751	1.38542	61.4992
-1.01073	-1.73078	-0.246284	-0.699843	0.143142	55.5104
1.62136	-1.29642	0.939818	-0.359202	-0.568592	58.4139
-0.940757	-1.95104	1.6905	-1.73546	1.94479	58.2563
0.377583	0.505963	-0.181879	1.29494	1.34509	54.9404
-0.445065	0.057479	1.3384	0.595492	-1.93432	54.2698
-1.76801	1.71862	0.579002	0.722551	1.55468	60.2007
0.484064	0.738041	1.71524	0.676132	-1.67985	55.6114
1.80355	-0.146985	1.49665	1.10912	1.50547	59.3029
-0.793734	1.33422	-0.274756	0.188685	1.62927	57.5526
1.60276	1.73669	0.267431	-0.934583	0.538454	52.6577
-0.185809	0.445669	0.400567	0.0256554	0.754209	49.7712
-1.76552	-0.508939	0.120436	-0.0676694	1.64091	58.2231
-1.50668	-0.809699	-0.291326	0.928818	-0.119059	56.3309
-0.436418	-1.39665	-1.45248	-1.1533	-0.306685	63.3577
-0.95185	-1.76005	-0.529239	-0.591817	-1.82155	63.5702
0.187579	1.35381	1.56109	-0.439136	-1.86932	57.6088
-0.782473	-0.617927	0.334786	-0.368421	1.51198	58.4953
0.449362	-0.770098	1.40488	-0.143566	1.01824	58.1722
-1.72786	-0.186301	-1.06388	-0.0271071	-1.9465	54.8406
1.01841	-0.513493	1.27245	-0.808031	1.21283	56.2374
0.280799	0.0974731	-0.10484	-0.752473	1.04113	50.3375
0.104148	-1.81472	-1.78545	-0.683315	1.75454	56.6454
-1.94392	-0.393598	-0.0685637	1.70571	1.44144	54.3453
-0.757934	1.88433	-1.06441	-0.0807735	-0.142906	47.3851
1.96771	-1.48842	0.561287	1.84499	0.793248	59.3387
-1.1959	-1.3848	-0.986349	0.827515	0.0905577	53.1228
-1.68988	-0.539288	0.156393	0.403066	1.90417	52.5425
-0.0949649	1.55033	-1.79842	1.1479	1.55821	58.3606
1.72488	-0.708952	-0.906344	-1.47443	-1.18971	57.5055
1.20318	1.15104	-0.369756	-1.91907	0.491454	52.2281
0.284395	1.68854	-1.54826	1.72569	-0.836626	58.3813
-1.5991	-1.78293	1.15264	-0.668435	0.866736	58.1161
0.511722	1.28015	-0.651196	-0.469	-1.255	58.6065
0.402806	-0.933118	-1.11462	-1.64935	-0.114335	52.3815
1.67151	0.101108	-1.03164	0.547363	1.03449	57.6792
-1.45933	-0.399257	-0.764531	-1.02262	0.190648	58.0839
-0.585467	0.936165	0.287685	0.758627	-1.67409	54.7055
1.94074	-1.84604	-1.30312	0.227959	-1.17756	57.9764
0.147651	-0.251355	-0.779696	0.0484547	-0.555557	51.2172
0.0854839	-0.667394	-0.542742	-0.338076	0.70595	54.8702
-0.14852	0.188558	-0.914455	-0.249708	0.513974	50.3839
-1.03817	-1.97619	1.12217	1.74635	0.552167	57.887
-1.42345	0.337821	1.29122	-1.48534	-1.4056	59.0222
-0.541352	-0.6417	-1.00088	-0.237033	1.49274	57.7244
-0.0382655	1.44099	1.32552	-0.8923	-1.13313	49.9436
1.17094	1.86936	-0.254874	-1.26101	-0.880148	50.5117
0.791722	-0.874875	0.0202665	0.885038	0.678902	52.3754
-0.879518	0.586767	0.100084	-0.621361	-1.04078	53.2225
-0.297356	-1.77192	-1.02336	-0.750458	0.589605	60.1632
-1.24451	-1.5056	-1.31866	-0.340774	-0.0341426	60.0148
1.47254	1.59904	-1.3589	-1.71524	-0.714214	67.296
-0.459382	-1.1773	-1.90646	0.275432	-0.462675	59.165
-1.11679	-0.744703	0.159017	-0.848916	-1.07045	49.9382
-1.80075	-0.826957	-1.54439	1.74151	-0.164336	60.8681
-0.248525	1.35496	0.667314	-0.513428	-0.793203	55.6146
0.439881	-1.58828	1.86616	-1.18405	-0.0942952	59.2149
-1.08342	-0.675193	0.251216	-1.94271	0.227796	53.4982
-0.178823	0.565616	0.526114	-0.181439	-0.892415	48.1095
1.7496	-0.705232	-1.57183	0.733823	0.795756	52.9608
0.817454	0.193914	0.780918	1.80991	0.3122	48.915
-1.75957	-0.885928	0.0227695	-0.244854	-0.563819	54.4107
-1.55134	-0.932438	-0.546685	0.747619	0.562306	60.8946
1.57667	-1.26702	0.0343219	-0.0125947	-1.57543	53.6593
-1.2418	-1.97111	-1.57063	-0.772186	0.234431	58.1769
0.252515	-1.97108	1.04835	0.024365	-0.325526	53.2282
-0.672817	-1.26707	1.79259	1.83034	-1.55199	58.0945
0.538899	0.935932	1.01212	-0.879983	0.361765	52.5868
0.957156	-1.33833	-0.214232	-0.317254	1.37538	53.5484
1.76967	1.99368	-0.541118	-0.585127	0.866968	61.4538
1.31378	-1.10766	-1.158	-0.54229	1.12465	51.8625
1.94067	1.68743	1.08717	-0.182668	0.50493	61.2798
0.797803	1.88954	-1.75745	-0.652368	-1.13054	59.5149
-0.300126	-1.3415	1.06238	-1.57643	-0.555453	61.5979
1.11604	1.98907	-0.380561	-1.29679	-0.617956	57.4257
0.222939	0.551561	-1.66609	0.190227	-1.80035	53.5905
0.177545	-1.42401	-0.849376	-1.84495	-0.207997	58.5852
0.731719	-1.2476	-1.85123	-1.89834	0.471528	59.0318
-0.98915	0.760378	-0.781831	-1.54723	-0.668288	58.506
1.86726	0.938241	0.597651	1.39007	1.07155	52.9122
1.9804	0.0397009	-0.983337	0.421056	1.53272	54.6299
1.48277	0.126388	0.995479	0.150343	0.9589	50.3317
1.57051	1.39094	1.24031	0.528721	-0.309662	61.6531
1.74434	1.09078	-1.67828	1.90105	1.73976	68.2021
1.53002	-0.277631	1.36759	-0.138398	1.60414	61.2118
0.801101	0.600989	-0.0255609	1.39336	-1.42211	55.5751
0.228957	-1.24345	-0.894174	-1.2355	-1.14201	49.8017
-1.10757	-1.16709	-1.02334	-0.707109	-0.851334	50.1748
-1.8585	-0.953854	-0.765548	-0.959221	0.64992	56.3964
-1.30593	-0.632026	0.361419	0.758367	1.80332	57.345
0.520588	0.364977	1.63949	0.324616	1.35533	61.8972
-0.254828	1.40324	-0.647157	-0.0281595	0.498349	53.0874
1.15089	-0.3331	1.42619	1.71867	1.67954	62.4984
0.019112	1.4953	0.181641	0.0731932	-1.31733	49.9279
-1.77476	1.86953	0.281011	1.56001	0.0661632	58.5331
-1.50024	-1.8542	1.22797	1.25279	-0.481013	61.4663
-1.40029	1.67713	0.20931	0.48747	-1.52815	56.1449
-0.803132	-1.48054	-1.94173	-1.67269	1.89265	63.0284
-1.20888	0.770758	-0.354695	-0.757097	-1.17888	51.1987
-0.189844	-1.75546	-0.592785	-0.525107	-1.03783	51.9529
0.0301447	-1.3913	0.3664	0.928326	-0.449053	54.1811
0.802212	-0.658266	-0.239832	0.687582	0.779625	53.6225
0.873367	1.37605	-1.46778	0.641505	-0.0768287	55.4043
1.69493	1.26064	-1.6269	-1.47761	1.17118	63.5289
-1.2021	-1.88522	-1.31581	-1.74749	1.76054	60.322
-0.902366	-0.43983	-1.42178	-1.89492	-0.506083	60.9827
-0.671881	1.59419	-1.52606	0.726877	-1.78924	64.3021
1.11934	-0.998019	0.301116	-1.12973	1.66223	52.609
-1.36588	-0.527162	1.68579	-1.34207	1.39846	67.728
-0.769877	1.37878	0.499213	-0.0437994	0.717601	50.8528
1.72639	-0.199155	1.5408	-1.70776	0.340587	58.8283
0.0293005	1.54937	1.10222	-1.36818	0.659489	54.6171
1.02761	0.326276	-1.80153	-1.22819	0.912399	55.4671
-1.40854	-1.49985	1.71428	0.831904	0.51501	57.0532
-0.510783	1.19923	0.825486	0.115831	-1.03473	48.8508
0.0695783	0.776564	-1.78955	-0.399071	-0.225858	51.7564
1.9987	0.977546	0.937449	-0.619962	-0.216562	52.7899
-0.239017	1.16668	1.91452	-0.597032	0.617162	57.0729
1.25677	-1.23887	-1.25382	-1.86677	0.628848	62.0985
-0.590493	-1.92208	0.0264255	-0.571947	0.682357	50.1613
-0.827635	-1.47201	-1.50583	-0.80307	-1.80875	64.0533
1.37141	1.68666	1.22285	-1.50763	-0.298381	58.9662
0.668556	0.130267	0.527532	0.532293	1.47613	55.4046
1.87703	-0.483861	-1.70064	1.14471	-0.617035	60.8234
0.426782	-1.94915	1.64014	-1.19655	-1.76393	63.2224
-0.360944	-0.222838	-0.766361	0.492592	-1.48302	51.682
-1.28686	-0.758853	-0.530795	0.821801	-0.607036	57.2613
0.00704068	-1.22879	0.222298	0.84534	-1.52317	50.4917
-0.646139	-1.11903	1.70266	-1.47047	0.719836	62.6887
-0.117616	1.6769	-1.08682	1.34318	0.936752	51.3067
-1.22212	0.984965	-0.047831	1.96529	1.81977	52.1862
-1.52204	-1.43489	-1.40568	-0.761889	0.0818004	63.429
1.61482	0.143251	1.70117	-0.47478	-0.896044	52.0293
-1.3391	0.325667	-1.93539	-0.726622	0.224671	51.7789
-1.22409	0.48226	1.72261	0.556532	0.296314	61.9092
1.93145	0.466215	-0.527792	-1.88462	-0.536607	55.7843
-1.63664	0.951443	0.105404	1.95535	0.399	58.0231
0.679267	-0.545742	-1.97636	-1.46682	-1.74477	55.7577
-1.4788	-0.746505	-1.04536	-0.548204	0.494056	56.3888
0.542682	-0.996593	-0.495181	1.89559	-1.9031	59.2612
-0.136994	1.14871	0.812516	-0.0224594	1.01254	51.3847
-0.183772	-0.848276	-0.0785053	0.349997	-0.507444	50.8622
1.39947	1.90051	-1.2726	1.86071	-0.827339	64.5922
0.137446	-0.689258	-0.962474	0.652766	1.72201	51.0521
-0.532105	1.23906	-1.47545	1.11433	-0.735186	55.8764
1.32936	1.58024	1.75653	1.83387	0.990277	65.1955
-1.38836	-1.90926	-1.31559	-0.120991	-1.61147	65.0998
1.3162	1.25484	1.06975	0.7605	-0.937618	57.1701
-1.80933	1.17613	-1.51212	-0.619678	-1.37592	61.4559
-0.528326	-1.66024	-1.98545	1.88008	-1.35438	66.515
-0.678536	-0.97073	-0.169537	1.32238	-0.0231863	53.6611
-1.49842	1.0638	-1.48103	0.334851	-0.30897	56.5661
-1.82716	-0.134177	0.731395	1.39929	0.0464085	55.7794
1.92007	-1.26537	0.920729	1.5235	0.629764	61.2242
0.276076	-0.476084	0.099275	-1.20842	-0.24557	51.8874
1.46757	1.08155	0.735906	-1.90169	1.09445	55.5143
-0.916151	1.36448	-0.795361	-1.94726	0.28523	55.9941
-0.792856	-0.330094	-1.07912	1.40058	1.2453	58.8654
1.35187	0.0595641	-0.425072	1.20062	0.824588	52.8552
-0.595977	1.21956	0.722538	-0.572817	-1.43783	60.8303
1.49623	-0.401761	-0.583307	1.44657	1.18624	55.3123
-1.1543	1.47752	1.80406	0.0433633	1.1997	56.4583
0.313138	1.93213	-1.35299	1.15368	-0.0772833	55.6242
1.64176	-0.934216	1.37048	-1.64148	-0.128649	59.0816
0.410321	-1.6613	-1.91309	-0.370493	0.234436	55.5738
-1.27302	-1.69706	0.785445	-0.848761	-0.329941	52.1698
1.21855	-0.4401	-0.0407268	-0.484765	-0.529109	49.0855
-1.62451	-0.0996378	-1.3073	0.558539	-0.477641	51.936
1.51732	1.29452	1.51789	1.86212	-0.153646	59.6039
-1.04918	-0.0180639	-1.79733	1.14307	0.735472	52.3403
0.44672	0.411995	1.48035	1.18978	1.8892	53.8688
-0.442487	1.06111	0.21961	-0.350235	1.57949	60.2472
1.58516	-0.287978	0.210419	-0.577211	1.44982	54.2952
1.84738	-1.03055	-1.39091	0.295051	-0.00406246	54.9943
-0.40904	-1.25788	0.75887	-1.86829	-1.34441	63.5913
-0.58853	-0.135444	-0.0251703	-0.85911	-1.92803	55.6401
-1.45061	1.90824	-1.98174	1.39475	1.67256	68.6805
1.05502	-1.2808	-0.0107286	-0.968669	1.89008	52.6912
0.760958	-0.556816	-1.40973	-0.059712	1.45885	56.7561
-1.35277	0.287471	-1.06971	-0.802019	1.04979	52.9246
1.27574	1.89706	-0.332147	-1.91585	0.508621	61.6277
-1.75706	0.807516	-0.937691	-0.694406	0.139452	51.8952
-1.48679	-0.0116585	1.51778	-1.65077	-0.0701251	61.9708
-0.906048	0.357567	-0.262733	1.75391	-1.00422	50.1763
-1.853	-1.47921	0.985743	-1.87396	1.31704	64.595
1.6941	-0.801451	0.631594	0.453563	-0.555048	61.5893
-0.221904	1.81958	1.85885	-1.2743	1.0416	56.9046
-0.48786	1.97402	-0.008973	1.1299	0.332782	49.455
-0.942314	1.89032	1.42038	-0.715277	-1.23632	58.9765
0.412767	-1.66532	0.99716	1.48684	-0.629656	56.8312
-0.879285	0.920524	-0.324892	1.10763	1.69564	54.2328
-1.91344	-0.433316	0.977947	1.64336	-1.53145	63.5463
-1.92084	0.0254277	1.24436	-1.38749	1.13666	57.2279
1.5408	1.12871	1.79499	0.0418458	-0.91421	58.117
-1.54761	-0.775239	0.25995	-1.67977	0.505166	53.1687
-1.69	-1.98806	0.575773	0.184953	-1.56551	64.6321
-0.114085	-1.99763	1.12868	0.502243	0.787377	56.1067
1.04362	0.146165	-0.300974	0.0271253	1.53414	52.292
-1.36299	-1.43826	0.59895	-1.89275	-1.73343	68.2179
-0.164483	1.12853	1.61151	-0.0978142	0.327083	54.2886
-1.89999	1.91336	-1.77055	-1.32174	-1.6473	69.8802
-0.0692726	1.98756	0.22981	1.4993	-1.09332	52.8087
-0.623531	-0.651832	1.4735	1.97776	1.32654	61.6148
-1.53125	-0.202468	-1.50036	-0.0408421	0.230692	59.7131
0.937732	0.706344	-0.278316	1.42523	1.38627	53.1844
-0.502445	0.879397	-1.38995	0.382722	1.65674	62.2595
0.277244	-0.800082	0.944607	-1.93161	-0.302638	55.9192
0.824518	-0.66791	0.414212	1.40411	-0.396909	60.4239
-0.299294	0.665822	1.56762	1.898	1.45624	60.5947
0.888976	0.335409	-0.897623	1.63536	-1.50104	61.8195
-0.395643	1.91854	0.950327	-0.783845	1.07945	51.6801
1.3748	-1.5317	1.22099	1.81317	0.407474	64.8031
1.11608	-0.437904	-0.448045	1.80702	0.516247	61.4958
-0.89882	-0.893596	-0.0549515	-0.126041	-0.461916	49.0816
-1.06917	-0.528338	-1.06042	-0.150863	0.446662	48.6189
-1.32093	0.743258	0.355876	1.58545	1.57667	61.4648
-1.97354	-0.588064	1.07461	-0.754299	0.966522	58.7067
-1.18679	0.650079	0.962242	1.91537	-0.90533	50.9488
1.43205	-1.75702	0.0137849	-1.33541	0.96017	56.1105
1.34427	-0.451401	-0.645047	0.00850885	0.77072	49.1558
-1.39314	0.735843	0.329343	-0.0175921	0.376414	51.65
0.662548	1.25134	1.77986	-1.53439	0.021038	58.4357
-0.762965	0.868344	1.8083	-1.57864	-0.226826	57.3361
-0.864646	-1.25839	-0.132616	0.46876	-1.76827	58.0461
0.546641	0.972112	-0.441027	0.00996696	0.285269	52.1628
-0.916109	0.870666	-1.99434	1.86982	-0.735583	52.5148
-1.55248	-1.03688	-0.222302	1.19789	-0.548825	57.9304
1.60854	1.81313	-0.0730326	-1.96807	0.970511	57.0615
1.8535	-1.74015	-0.80686	1.43005	1.24287	66.1317
0.610923	0.226332	-0.0121423	-0.763153	-0.764867	52.0585
-0.15113	0.673323	-1.24252	1.71391	-0.373066	57.53
1.44795	-0.164625	0.745297	-1.3296	1.36051	60.1982
-0.0117838	1.53895	0.742935	-1.8568	0.538583	62.1567
-0.835071	0.709848	-1.05804	-1.53148	-1.11841	54.418
-0.744604	-0.112682	-1.61395	1.74268	-0.316353	53.9491
1.45462	0.445791	-1.77523	0.862402	-1.66625	56.3429
-1.02391	1.00981	-1.18001	-1.36569	0.489457	55.3632
-0.429916	-0.158801	1.78321	1.10937	-0.758169	55.0716
-1.27567	0.220928	1.33462	1.96627	-0.460925	54.5335
0.932076	1.63486	-1.43957	0.494532	-1.73252	55.1911
-1.19801	-1.91151	0.964829	1.8121	-0.493938	63.2425
0.853275	1.32914	0.48856	-0.379701	0.0449664	52.4467
-1.06195	-0.204206	-1.52487	0.108301	-1.34924	54.3632
-0.694774	-1.91174	-1.31641	-1.54057	1.89934	56.3359
0.18971	-0.458518	0.289878	-1.78355	0.00703507	52.616
-1.27784	-1.83061	-1.12118	0.00215883	1.53154	54.0803
0.257547	0.769434	1.23879	-1.68969	-1.94486	52.8847
0.920355	-1.22981	-1.62833	-1.69788	1.52577	66.7282
-0.0747566	1.27749	1.21163	-0.649443	1.76966	51.6745
-1.22225	0.906039	-0.707104	-1.0303	1.88961	53.8589
-1.78203	-0.876185	-1.08698	0.878531	1.94502	51.1872
1.61357	-1.25096	-1.98881	0.843065	1.3534	62.2983
-0.196328	-1.15227	-1.51396	-1.03528	1.61015	57.2062
0.215435	1.17546	-0.412726	0.575371	1.46829	56.1421
-1.01496	-1.33235	1.56885	-0.175751	-1.04081	59.2466
0.884332	-0.0865461	0.288614	1.02844	-1.67055	49.1533
-0.237233	1.64732	0.385371	-1.20574	1.33919	62.3111
0.274445	1.11897	-0.0612809	-1.4115	0.987131	52.6434
-1.95418	1.55947	0.542824	-1.23311	-1.32262	64.7513
-1.35332	0.57926	-0.441131	-0.49383	1.58351	64.1446
-0.732961	0.0571913	0.36405	-1.28785	1.45715	57.1464
0.968916	-0.957699	0.843349	-1.17412	1.26602	53.7446
-1.18733	-1.96115	0.585952	1.98051	1.91386	56.5798
-1.27302	-0.671608	1.36909	1.60938	-0.458249	55.5975
1.79699	0.821743	-0.942499	0.252173	-1.13899	51.7084
-1.69972	0.71003	1.4478	1.20398	-1.04206	58.2803
0.709233	-0.586543	0.653059	0.336981	-0.4697	51.5032
-0.816884	-0.135779	0.294624	-1.24438	1.46935	57.3692
0.0630378	-0.64445	1.6232	0.446418	-0.590819	55.796
-1.25978	-1.53579	0.74416	-0.84815	-1.55039	62.6115
0.542283	1.59096	-0.953108	0.702663	-0.0502139	52.2445
-1.50106	-1.46682	-1.31401	1.35896	-0.415983	65.1181
0.193921	0.045815	0.180409	1.01759	-0.262161	49.5021
-1.86596	-0.547808	-1.71805	-0.906127	-1.39593	61.7534
-1.60512	-0.824259	1.66557	0.63263	0.563141	53.8609
1.68469	-1.74259	1.46241	-1.4986	-1.46109	62.4928
1.85154	0.254566	0.621705	-0.538136	0.983069	53.0566
1.63583	1.20123	0.0941165	-1.21253	1.80678	53.181
-0.476094	-0.38392	-0.310901	-0.36128	0.196966	53.5949
1.53398	-1.60211	1.91762	1.9769	1.0609	58.8657
-0.801258	-1.75768	1.10943	-0.6298	1.77703	60.2115
-0.288095	0.492978	1.48354	-0.344042	-0.275871	56.2278
0.575231	-0.948828	-1.52659	0.959911	1.76451	54.0169
0.427162	1.95837	-0.618475	0.920218	-0.483498	57.3903
-1.25319	-0.545772	0.4861	1.27658	-0.108375	52.906
-0.219066	1.82804	-0.201463	-0.798475	-1.27434	58.9463
-1.45101	-1.1216	-1.30218	0.581583	-0.138163	52.261
-0.0821024	1.56484	-0.47446	-0.680044	-0.118226	54.9591
0.0124433	-1.9751	1.05454	0.834113	-0.184833	51.9142
0.943884	-0.623656	0.518928	-0.72329	-0.348135	58.5399
-1.97868	1.98894	-1.41231	0.683355	0.519147	60.2563
-0.391278	-0.259097	-0.773113	-0.748426	-1.52048	55.9334
1.82671	-0.286163	0.758288	-0.259067	0.802846	59.0192
-1.27433	-0.418539	1.73289	1.71386	1.31847	63.7013
-1.00662	-0.403615	0.598935	-0.675537	0.0577775	54.2326
1.56809	0.736617	0.294861	-0.105127	-1.20974	55.8909
-0.0160889	-1.47546	-1.36132	-0.592793	0.811337	51.0837
1.51327	1.80635	0.606355	1.17385	-0.457044	54.6899
-0.34921	1.27176	0.314557	-1.50915	1.92383	61.9944
-0.440455	-1.73623	-0.280073	-1.51198	-1.54871	64.1836
1.63887	-0.292345	-1.91368	-1.04077	0.510579	59.5929
0.650491	0.784757	-0.480446	0.355438	0.896236	56.0497
-1.81906	-0.136868	-1.2896	0.489757	1.83037	61.7645
-0.147279	0.954226	-0.499206	-1.63291	1.49032	54.3188
-1.30472	1.14609	-0.723385	0.455409	-1.56775	62.6099
0.414456	0.341283	0.913962	1.71033	0.152457	50.4876
-1.26582	1.15699	-0.255284	-1.89197	-0.621117	61.0178
0.340751	1.73737	-0.8724	-0.699456	1.88575	58.5721
-1.36767	0.839035	-1.86192	-0.564498	-0.667408	58.2939
0.567662	1.99743	1.21618	1.31843	-0.68345	54.4232
-0.0584874	1.32739	-1.69787	-0.605128	1.65738	62.4937
-1.5437	-1.13821	-0.914971	-1.88729	-1.9353	59.6007
1.61998	0.872424	0.649558	0.0920777	0.0880796	50.6488
0.490494	-0.0819095	1.3375	0.763921	1.30299	59.6239
0.984579	0.80131	1.74173	1.30869	-1.14832	55.6186
-1.19763	-0.038353	1.62675	-0.849276	-1.44014	58.3273
0.926255	-0.857625	-1.41216	-0.156811	-1.15457	56.349
0.0621608	-0.370143	-1.72912	1.67628	0.71728	61.5572
0.147211	0.411213	-0.539247	1.39204	-0.827087	57.3643
-0.559274	1.33239	-1.77972	-0.683027	0.783603	61.2421
1.99837	0.287131	1.92554	-0.811464	-1.95865	62.8304
-0.784593	0.764239	1.18877	1.14593	-1.45048	59.0349
1.20437	-1.6783	1.60302	-1.62819	1.15438	62.5173
-0.567384	1.89018	0.597982	0.206047	1.16565	53.0405
-1.41199	-0.314275	0.694861	-0.201074	1.52731	58.3589
0.251435	-1.24461	-0.737728	-0.373389	-1.53259	57.5035
1.06005	-0.945794	-0.866073	-0.505706	1.25825	56.307
1.90349	-1.775	-1.79798	0.354331	-0.528177	55.2643
-1.83171	1.57385	0.704661	0.205799	-1.21193	57.4328
-0.305092	1.92187	0.672487	-1.47789	-0.4733	57.9633
-1.02434	-0.782175	1.98206	-1.24664	0.390693	53.0725
-1.34036	-0.553685	1.54437	0.347246	0.785052	62.0847
0.511016	0.216664	1.5993	-0.852867	0.964944	51.8201
-1.08079	1.40171	-1.76638	0.454296	-1.02128	56.1629
-0.19875	-1.95132	-1.17458	1.17991	-0.513947	59.0702
0.0392545	-1.84653	0.730748	-0.633322	1.94751	53.0565
1.19693	1.10569	-0.0326637	1.19944	1.25479	58.0897
1.16548	1.76888	-0.786261	-1.06212	-1.46824	59.3219
0.36956	0.73054	-1.0077	-0.659922	1.1272	56.2186
0.854125	-1.68045	1.29934	-1.99853	1.82856	64.8989
-0.754467	-1.88444	-0.643782	-1.7168	-1.20334	57.5176
-1.44824	-0.656731	-0.68623	-0.206333	-1.65944	53.8976
0.767748	-1.77646	1.89503	-1.40096	-0.919875	60.7853
-1.05618	-1.21024	-1.11227	-0.956402	-0.634901	57.1183
-1.25768	-1.04504	-0.955102	-1.97118	-0.0738306	58.5621
1.29931	1.41571	-0.34876	1.11556	-0.48746	53.857
-1.3171	-1.43155	-1.23447	1.90894	-1.42979	56.6754
0.189207	0.142273	0.637477	-1.903	-0.299891	52.7795
-0.0189905	-1.42948	-1.65112	1.00961	0.678357	58.9879
-0.661204	0.23854	0.1157	0.376951	-0.423346	50.0554
1.8551	0.239572	-1.62563	-1.35071	-0.266842	58.7596
1.31836	0.990956	1.91759	1.63273	0.634739	59.3495
0.311869	1.0666	1.75536	-0.0800162	1.00903	52.3687
0.92408	1.46836	-1.9842	-0.974018	1.03126	58.8931
0.174635	1.60795	-1.47507	-0.0406091	-1.43021	59.2489
-0.629477	-0.97277	0.297409	-1.73121	1.83294	61.4209
-0.25991	0.895274	0.632714	-0.802678	0.997082	47.404
-1.93693	0.25621	0.465053	-0.490894	-1.85303	58.778
0.311866	-0.854233	0.533959	1.07198	-0.258713	49.6191
1.32437	0.761614	-1.266	1.88636	-1.53717	57.5254
-1.71858	-1.92987	-1.01547	0.239974	-0.151991	60.4357
-1.15399	1.82465	1.0134	-1.0369	1.56276	53.7112
1.70299	0.43568	-1.94569	0.64781	-0.509692	59.4204
-1.53454	0.590355	-1.40019	-1.62093	-1.09135	60.3869
-0.918514	-0.752572	0.369458	0.246168	-1.24317	50.2358
-1.37743	1.0969	0.57033	-1.01525	1.49947	55.7856
1.59236	-1.60918	1.41414	-1.11449	0.507579	57.6589
-0.885822	-1.39981	-1.68998	1.7019	-0.526574	56.8518
-1.49656	0.893229	-1.22583	0.239905	-0.0175114	50.3896
1.15051	1.98394	0.915881	-1.97628	1.60941	58.1367
1.33142	0.851167	-1.28344	0.406894	0.715406	61.0134
1.97021	-0.0486907	-1.36824	-0.198255	-0.972781	49.3013
-0.0191141	1.28737	-1.20152	-0.45287	0.924089	55.2951
-0.14394	1.19521	0.865904	1.99736	0.761711	49.2074
0.767358	-1.11515	-1.41657	1.81658	0.170378	57.4153
-1.2289	1.73239	-1.95753	1.46553	-1.97658	60.229
1.12279	-0.804823	0.871322	-1.99042	0.814987	50.3624
1.73073	0.417938	1.51251	-0.945159	0.273229	57.0415
1.22826	0.241441	0.00454366	0.331778	0.233379	53.985
1.46125	1.20458	0.185645	1.02413	1.96794	61.4192
0.127315	-1.9058	1.37644	0.705139	1.61363	61.8079
-0.920528	-0.413089	1.09643	0.652221	0.0798021	54.0815
1.5182	0.149369	-0.36691	0.524544	0.469822	60.4807
-0.163232	-1.17423	1.16421	-0.171687	0.937076	54.3378
1.52143	-1.83103	1.3121	-0.599198	-1.78538	59.2905
1.4493	1.06023	0.933581	1.8417	-0.781798	55.3329
-1.87621	1.40767	1.19216	-0.361436	-0.0130022	56.4699
-1.82911	0.528401	0.800138	0.30304	0.230783	54.8143
-1.90855	0.634777	0.57509	-0.0131524	0.482783	52.0015
0.0356387	1.39261	0.0866622	-1.43511	-1.13772	56.7031
-1.40852	0.349333	1.19605	1.53418	0.391162	60.6531
0.0405108	-1.3302	-1.50378	-0.271586	1.31264	58.5686
1.10908	1.55276	-1.9898	1.75221	-1.70154	65.5462
1.54785	1.12239	-1.38508	1.01539	1.37929	58.6328
-0.518255	-0.872886	0.0941598	-1.78803	-0.695387	49.3998
-1.79564	-1.57366	0.035584	-0.462679	-1.34807	58.9208
1.6828	0.544416	0.974479	1.5136	-0.909691	56.5787
-1.90791	0.0293286	1.16175	1.24968	-1.89079	53.0146
-0.0404251	-0.680092	1.03568	0.537807	1.86392	49.7704
-1.07962	-1.36464	1.4681	-0.143544	0.831947	58.8781
-0.844899	1.56651	0.781871	-1.81864	0.283907	53.6872
-1.48187	1.20643	1.53448	-1.38072	0.496065	57.2787
0.978534	1.66237	-0.736805	0.00549653	0.131989	50.1328
-0.921789	-1.3623	0.550483	1.91229	0.640292	61.031
0.580877	-0.0246194	-1.04363	0.485216	0.366194	49.2393
-0.97954	0.72839	-1.01302	0.186535	-0.181826	45.9332
-0.0880207	-0.449537	-1.94575	1.46131	-0.910174	61.3038
-0.282384	1.1864	-1.25937	0.201358	1.12844	48.4725
-1.44055	-1.44064	1.79973	0.183768	1.63081	61.2953
1.5226	1.19935	1.60038	0.595298	1.153	62.727
-1.76973	-1.26957	-0.244039	0.90779	-1.10668	60.1606
0.043582	-0.0815211	1.31999	0.328625	0.224426	52.8473
-1.12311	-1.19006	0.255471	1.10003	1.39905	51.0179
-0.5443	-0.480435	-1.96041	1.48601	-1.90596	59.5208
-0.321412	0.177858	-1.11801	1.22982	-0.977442	56.6742
1.26158	-0.24271	-0.549648	0.384659	-0.663031	54.2393
1.10517	0.728928	-0.311447	0.73549	0.531403	54.533
1.68638	-0.873978	0.450249	-0.40902	0.108021	49.7681
0.992903	0.82249	1.22569	-0.992679	-1.10272	51.9772
-1.1545	0.201563	-1.36066	-1.12124	-1.19885	55.2026
0.487317	1.90005	-0.208046	-0.284449	0.220021	50.7364
-1.86565	-1.74279	0.102084	-0.26693	-1.43199	59.4111
-1.17886	-0.169156	0.679428	-0.872739	1.06694	55.8149
1.25682	1.74491	1.31041	0.82962	1.96434	62.8731
1.84076	-0.125893	-0.898999	0.196112	0.0802953	47.4314
-1.11365	-0.835087	-0.466103	-0.389503	-1.50133	60.5245
-0.623735	1.39799	-0.779837	-0.30144	-0.235175	54.1037
0.874846	-1.06405	-1.5173	0.143916	1.56528	53.5201
1.74357	0.552995	0.318749	1.94526	-0.347073	56.6358
-1.51072	1.58233	1.84511	0.834174	-0.998444	59.6829
-0.105596	-1.87095	-1.56033	0.136694	1.52384	62.7208
-0.445101	0.861461	0.733835	-1.62345	1.48965	57.8588
-1.29196	-1.4222	-1.51814	-1.18537	-0.997256	59.1383
-0.0474301	0.00952142	0.886878	1.90999	-1.35667	53.3424
-1.23453	1.70992	0.725768	1.68286	1.76269	60.3164
1.10616	0.25664	-1.16972	-1.53638	1.04388	52.1478
0.430075	-0.544382	0.482696	-0.37051	-0.863498	53.4006
1.67042	-0.779537	-0.658927	0.42109	0.29017	52.1352
-1.89176	-0.971859	-0.972161	1.35227	0.451038	57.9953
-1.54189	1.30059	0.135721	1.14373	1.26881	52.5543
-1.87569	0.333402	-0.672629	-1.05525	0.0218036	58.3393
1.21302	-0.829513	-0.325201	1.52894	-1.35154	57.1769
0.929844	-0.408943	-0.850989	0.733795	-1.96016	49.6979
1.25438	1.572	-1.81766	-1.81786	1.54184	66.0199
-1.30758	1.55366	1.06716	1.97642	1.78974	55.9842
-1.05312	-0.720823	0.622414	0.684888	1.02113	51.8326
0.74747	1.24933	0.896493	0.98604	0.976764	53.1215
0.712912	-0.787791	-0.273353	-0.758843	1.5615	50.2596
0.79781	1.79556	1.5801	0.0305644	-1.29741	55.9215
1.46034	-0.374475	1.48898	0.112405	1.29613	54.8763
-0.839329	1.48094	0.135961	-1.24803	1.38964	59.8136
1.12861	1.29045	-1.43084	1.1265	-1.4727	55.6261
-0.957211	-1.60091	0.164858	0.798285	-1.65337	51.3975
0.156102	0.471962	1.35281	-1.33524	-0.139613	55.3286
0.846333	-0.0949396	0.291096	-1.66126	1.98558	55.3456
1.03778	0.745185	1.30928	0.918514	1.54562	59.454
0.0481927	1.71124	-0.357318	1.19883	-0.616659	54.6618
1.98111	-1.29149	0.391228	1.88804	-1.95381	63.9052
0.824735	1.15674	-0.534153	0.280595	0.619811	50.4393
1.38119	1.5399	1.25105	-1.96182	-0.365628	64.2903
0.234609	-0.877534	1.99782	0.441977	-0.986289	51.4024
1.49229	-0.0656086	0.445959	1.47461	-1.8026	61.9239
-1.56143	-0.387257	1.917	-1.6693	-1.56962	63.7234
0.222323	-1.15925	0.0836919	1.57354	-0.0332149	51.6944
-0.442187	0.0641172	0.716207	-1.17618	-0.0792406	50.4919
0.293863	1.87646	0.796581	0.327993	1.22618	53.2269
-1.01148	0.176516	0.316964	-1.66761	1.6419	58.4217
-1.41397	-0.252479	1.1384	0.634898	-0.241179	51.3753
1.2285	1.33256	1.26463	-0.999729	-0.254111	57.0898
1.7614	-0.54561	1.73276	1.0406	1.62449	57.2103
-1.95676	1.87867	1.69977	-0.206694	-1.58968	58.917
0.983658	-1.50014	-1.40479	-1.86559	0.749534	54.0577
-1.30028	1.66628	1.2618	1.31482	-1.5358	62.4047
-0.3739	-1.58808	1.58374	-0.725783	-0.628613	59.3521
1.32056	0.854828	-1.81164	-1.52843	1.97303	62.6517
-1.64419	1.41521	0.86132	0.268702	0.886629	55.9363
0.355361	-1.96726	-1.4317	-1.30343	1.37356	66.1035
-1.92855	-0.71371	-1.11378	-1.36368	0.186729	60.1357
0.1596	-0.649455	-0.391636	-0.482508	1.52154	52.0456
-0.481081	-1.27943	1.3693	-0.729054	1.18499	57.2712
-1.5802	-0.604025	-0.904522	0.662821	0.847464	56.7403
-1.34415	1.03918	-1.52593	1.25346	-0.819416	57.0552
0.290405	1.82958	-0.629291	-1.42953	1.08397	56.9698
1.26077	0.889384	1.81812	-1.96394	1.33737	61.5565
0.583714	-0.851227	0.0555014	1.1839	0.91297	51.3769
-0.357311	0.0778313	1.29108	-0.700788	-0.690585	53.9687
1.98996	-1.70127	-1.33837	-0.6039	-1.54485	62.9822
-1.2887	1.61602	-1.18639	-0.795994	-1.49744	55.6773
0.0346669	0.304901	0.131618	-0.782339	-0.466825	50.9067
0.599061	0.172898	0.660603	1.1786	1.61809	53.7747
0.558375	-0.0523863	1.91135	-0.318749	0.338927	53.1859
-0.309212	0.384654	1.96891	1.40758	-0.332618	57.0987
0.720589	0.493569	-0.389141	-1.6427	-1.25984	61.8845
-1.04299	1.22027	0.83704	-1.66147	0.552003	51.6564
-1.94633	0.55086	0.802639	-0.0447065	0.946338	49.6712
0.475692	-0.796018	0.204163	1.40999	-0.508944	52.086
1.88101	-1.82628	-1.89808	0.932817	0.171857	55.676
-1.08956	-1.96631	0.708951	-1.66784	-1.92584	62.4816
-1.26593	-0.247008	-1.513	1.72291	-1.76823	58.7334
-1.05502	-1.12996	-0.203019	-0.130267	0.701361	54.186
1.41928	0.688787	-1.20638	0.432631	-0.421677	51.9435
-0.017747	-0.0763508	1.99991	1.10013	0.523143	52.7897
-1.86278	-0.0387563	0.467008	0.615644	1.55176	52.3513
1.92739	0.558054	0.466648	0.186145	0.529583	57.851
0.910338	0.073175	0.552986	0.329023	0.711672	54.7733
-0.230575	0.484832	1.42765	-1.64102	1.18228	53.7363
1.92821	-0.158869	-0.640969	-0.0280697	-0.98334	51.2871
-1.31308	-0.346199	1.45234	1.18464	0.0272274	51.412
1.09028	-1.78388	1.53696	-1.95124	-0.524729	66.2381
-1.06939	-1.88634	-0.142935	-0.892849	1.88604	59.6756
-1.14383	1.58234	0.458171	1.00789	-0.625547	58.0417
1.41246	-1.81756	-0.476098	-1.29276	1.58787	62.2641
-0.0812353	1.42911	1.0496	-0.95221	0.835226	53.4148
-1.15553	1.183	1.34059	-0.276232	1.08428	55.749
1.63458	-1.0526	0.413525	1.97301	1.76488	59.8482
-1.8836	-0.897734	-0.787145	0.0651701	-1.62826	59.522
-0.0865117	-1.42141	0.752018	0.00590766	0.415303	52.6403
0.488085	1.19146	-1.04052	-0.448785	0.0785886	51.6323
-1.91234	-1.0276	0.620021	0.867378	0.459046	55.2469
-0.143982	0.820518	-1.08999	-1.74701	-1.47472	55.0996
-1.49677	-0.0724818	1.91889	1.35131	-0.444498	57.5401
-0.96213	1.26748	-0.746691	0.331364	-0.405158	53.8392
0.783773	-0.997076	1.71892	-1.13999	-0.832583	53.318
1.18891	-1.76358	1.45568	-1.44182	-0.724757	56.5817
1.2426	0.681665	-0.454132	0.809227	1.32217	59.9424
0.438529	1.67326	-1.88035	1.4493	-0.386929	59.9224
0.185368	-1.59225	1.80917	0.0133113	-0.39264	60.8873
0.881331	-1.99111	0.870842	-0.34717	1.78014	52.7799
0.146732	1.00442	-0.330307	0.346464	0.061293	49.7858
-0.668681	1.90885	1.49239	0.131431	1.81034	59.212
1.03355	-1.18229	0.367834	-0.355659	0.965116	53.1092
-0.380113	1.38638	1.62315	0.715832	-0.541568	53.5867
0.430458	-0.961246	0.509376	1.641	-0.948758	60.0259
-0.252025	1.66148	0.574563	-1.27695	0.441893	61.5416
-0.515894	0.855709	-0.559738	-1.34843	1.07239	56.3758
1.16915	0.772765	1.42718	0.812348	1.6275	60.7865
1.63058	0.445992	0.192509	1.57917	0.049735	53.1943
0.73394	1.05883	-1.23975	0.695068	0.0725774	52.7519
0.705833	0.155991	0.970034	0.800332	-1.64515	51.6926
-1.306	1.90911	-1.372	0.795267	0.285702	54.0196
1.39292	-0.739642	0.844428	1.87455	0.224791	57.8757
-0.220933	-0.541429	1.80513	-1.89106	-0.803322	53.1621
1.02047	1.26363	0.908455	-0.971471	0.0820018	49.29
0.873203	1.7655	-1.41615	-1.39562	-0.672572	55.4402
-0.645865	-1.06583	1.86094	-0.635823	1.36892	56.5287
0.732666	0.685119	1.06719	1.71468	-0.863943	51.6891
-0.484269	1.60517	-1.12088	1.34565	1.55019	57.8141
-1.17972	0.257687	1.95136	-1.73313	-1.71605	63.2092
-0.658053	-0.101646	0.889544	-0.9335	1.05859	54.3826
-0.241209	1.17759	1.20922	0.587207	-0.171399	48.6797
-0.898446	-0.797325	0.124523	-1.48508	1.60204	56.222
0.564168	-1.47457	0.400224	1.60003	-1.83623	63.4427
0.770358	0.241097	-1.51525	1.56984	-0.253148	54.9245
-1.82873	1.08225	0.0485916	-1.89235	1.90411	62.4487
-1.39204	0.701047	1.29057	-0.699886	1.71925	55.2194
1.02085	1.53801	-0.89522	1.19194	-0.579801	51.778
0.257785	-0.25691	-0.729067	1.51608	1.92035	52.4319
-0.428544	-1.04967	-1.83731	-1.6229	1.39414	60.7712
-0.0167363	-1.34833	-1.59327	-0.496146	0.616312	61.7167
1.00966	-1.48141	-1.16623	0.750981	-1.53003	59.6862
1.18459	-1.58897	1.79476	-1.98587	1.92105	64.3401
-1.98386	-1.34101	-1.10986	-1.08963	0.943226	51.5526
0.0746329	-1.12993	0.886628	1.56355	1.15084	51.6879
0.0647527	-1.45037	0.910828	-0.793765	-0.731935	52.0686
0.338689	1.20315	0.747608	-1.28213	0.917583	50.3989
1.86063	-0.950892	0.469654	1.33051	0.753417	60.7507
1.65177	-0.388851	-1.12891	1.22764	1.42356	63.8167
-0.761018	-0.130313	1.7664	-0.522196	0.78575	51.7929
0.677338	-1.11768	-1.17826	0.861543	1.98403	51.5233
1.9164	-1.3575	-1.70034	-1.8602	0.466561	61.8663
1.13756	1.69508	-1.23975	-1.41828	0.149726	55.9155
1.45081	0.360119	0.485298	0.592975	-0.324497	60.7746
1.77219	-1.65714	-0.403679	-1.44852	0.342259	55.5057
-0.93145	-0.436822	-1.58059	-1.69651	-0.461561	53.5414
1.28927	-1.73228	-0.436114	-1.20928	1.2591	53.6725
1.74307	0.392456	0.388451	1.25702	1.20611	58.8926
-0.475288	0.347123	-1.29481	-1.24558	-0.559149	53.232
0.310619	-0.195651	1.4181	1.92042	-0.444146	55.8599
-0.937832	-0.544174	-0.0504048	-0.137252	-0.936023	51.0767
1.21099	0.0229072	0.357381	-1.2414	1.76413	53.2778
0.833995	-1.13904	1.22334	1.03313	1.02683	51.2879
-0.250438	-1.12096	-1.90944	-1.95484	-0.895402	61.3366
0.58349	-0.156767	1.10756	0.469206	-0.51822	53.5877
1.37146	0.708101	1.07861	1.70683	1.97726	59.7176
0.807935	-1.28507	-1.51059	-1.15298	-0.0451369	58.5599
0.393259	-0.641704	-0.387384	-1.58064	-0.0109472	60.238
1.04081	0.0405718	-0.0402286	-0.921524	1.74643	51.7363
-0.0433526	-1.51777	-1.91336	0.744959	-1.62192	59.0796
0.235231	0.340146	-1.97477	-1.17481	-0.0622099	53.5317
1.40684	-0.549421	-1.52447	-1.24839	-1.25201	61.1126
-0.737001	-0.310287	0.522746	0.231188	-0.409626	55.4323
1.7497	0.198342	-0.0385091	0.570389	-0.757922	50.8898
-1.8373	-1.97193	-1.96228	-0.713047	-0.931667	62.3008
-0.393491	-1.58673	-0.982644	-0.573987	-0.505213	57.3292
-1.26733	1.68203	-1.83222	1.41376	1.35756	65.0397
0.902057	0.902527	-1.27889	-0.408696	0.816077	50.9559
0.826705	0.0200522	-1.17908	0.678497	1.14287	47.1061
0.617333	0.132376	1.00877	-1.88397	1.93038	52.181
1.13825	-1.84564	1.70283	1.42325	1.888	63.0201
-1.23822	0.298965	-0.0153929	0.346287	-1.32582	55.3743
-0.722522	0.516816	0.876534	0.512259	1.97121	57.8564
0.130694	-1.20437	-0.906835	0.071686	0.770577	51.0632
-0.585879	-0.159852	-0.753833	0.260054	-1.40129	53.601
0.895925	-1.06968	-1.94442	1.5659	1.52363	56.7783
1.59701	-0.967696	1.32146	0.222825	1.89259	54.6972
1.98505	0.831648	0.101539	-0.796977	1.2314	51.9328
-0.415368	-0.452257	-0.00593846	-1.21948	-1.81778	53.7213
-1.7906	-0.134887	0.0259083	-1.12694	-1.05999	54.1731
1.2067	-1.51553	1.11607	0.473058	-1.06565	51.8957
-0.793078	-1.65598	1.73289	1.59012	-0.48751	58.9229
-1.95808	-0.119689	-1.87958	1.5598	-0.84911	55.5362
-0.398978	0.72106	1.29379	0.652091	-1.36742	54.8693
-1.02669	1.56714	1.88066	-1.37625	1.22403	65.6005
-1.64995	0.30296	0.137265	1.60273	-1.73511	60.1644
1.37917	1.19863	-1.19296	-0.841767	-1.54796	57.7506
0.885483	1.34177	1.68447	-1.82979	1.8765	66.1934
0.527995	1.78773	-1.85933	-0.933669	1.50142	65.6823
-1.31471	1.69881	0.0230839	1.10217	1.62632	55.1922
0.191822	-0.232013	-1.03038	1.2989	-1.5462	52.2868
-0.930003	-0.638645	1.08327	-1.20611	-0.414276	49.7844
-1.068	-0.841572	-0.932537	0.448144	0.500876	50.1142
-1.954	1.50318	0.397292	1.65011	1.59151	63.7579
1.43752	1.40366	1.7795	1.68465	-1.75455	69.606
-1.40675	1.48172	-0.829497	-0.763743	-1.50059	58.7598
1.18344	0.79307	-1.92712	-0.902579	0.0867501	53.8547
-0.711683	1.58662	-0.587276	0.132333	-0.657277	51.7471
-0.900286	0.985189	1.28623	-0.075889	-1.41647	58.1522
0.72168	-0.991283	1.43666	0.336603	-0.294116	58.485
0.656787	1.15922	0.481278	1.35138	-0.171208	57.7373
-1.9574	-0.618897	1.89607	-1.71813	0.750432	55.0513
0.227054	-1.72608	-0.973005	0.662903	-0.461985	53.4886
0.466593	-0.769703	-0.517331	1.38469	-0.907878	60.5819
1.06333	-0.309851	0.680789	-0.0769905	-0.393769	51.1018
0.491947	0.13255	-0.571698	-1.60334	1.38876	52.6653
-1.44419	0.408805	1.24365	-0.779225	0.515786	57.797
1.53052	0.897499	-1.27672	0.359177	-1.04468	50.9782
1.48982	-0.742432	0.416789	0.673884	0.674523	61.7838
1.86148	-1.04531	0.399713	-1.03462	0.31347	54.5018
1.33733	-1.29965	1.19196	-1.19038	0.17698	52.089
-1.83161	-0.626411	1.1535	1.08896	-0.55871	60.8051
-1.60002	-0.54957	0.241329	0.281808	0.550823	53.9112
0.421694	1.41099	1.59606	1.36941	1.36181	59.8333
1.6098	1.83059	0.962303	-0.390142	1.1859	57.5393
1.57004	-0.515785	1.66536	0.0533295	0.138871	55.7828
-1.29842	-1.85609	-1.60316	0.936103	1.35583	66.0437
1.20524	0.744156	-1.40517	0.302588	1.88867	53.1628
1.79122	1.77701	-1.77655	0.639242	-1.05664	58.957
-0.785928	0.507943	1.47917	-1.33061	0.172649	57.2149
-1.62806	-0.485492	1.64399	0.153139	1.04288	59.7704
0.71869	1.19028	0.014768	1.42188	-1.85177	56.5028
-0.526719	0.573485	0.434982	-0.383283	-1.47285	53.6043
1.76753	-1.84891	0.730823	1.73498	-0.363716	56.7729
0.181234	-1.14218	-1.33809	-1.68961	0.0391018	54.8647
-1.2444	-1.84953	-1.92771	-1.44024	-0.222705	61.8512
0.725026	1.43963	1.11267	-0.258065	-1.80332	58.9182
1.98794	1.92626	0.99624	-1.32522	1.29989	56.3746
0.867471	-0.890122	-0.0890582	-1.37737	-1.91369	59.6032
0.971354	1.91264	1.24118	0.648673	1.61887	56.275
1.7055	-1.33197	-1.0705	-1.12306	0.173632	51.9015
-0.150682	-1.72564	0.786836	0.189405	1.99253	55.594
-1.78819	-1.14799	-1.16774	1.78516	-1.14548	59.383
1.12934	1.0422	-1.97961	0.414522	-0.45912	57.5203
-0.505953	-1.50617	1.19096	-1.12419	1.56766	58.3107
-1.38488	-0.148563	-1.60853	0.280624	0.338149	55.2412
1.56572	0.305523	0.41619	0.301452	1.26086	60.8903
0.846783	0.0609667	1.67029	-1.4022	-0.595123	51.3749
0.0254301	1.87144	-0.048518	1.40443	0.220762	50.8597
-1.08337	0.436206	1.30233	-1.42048	-0.642987	57.3696
1.54875	0.79059	1.63518	-1.43902	-0.825131	61.4892
0.513099	0.795888	0.659596	-0.845406	-1.24087	55.2992
1.44422	1.90056	0.662286	0.98917	1.73573	60.4701
1.47486	0.206361	1.55591	0.0724555	1.51107	62.2033
1.38644	-1.43419	-1.67952	1.55935	0.020576	61.2718
0.120466	-0.147246	-0.920832	-0.0467771	-1.89457	55.0697
-0.341039	1.81207	-0.617472	0.467478	-0.25008	60.9777
0.351751	-1.00498	-1.09202	0.904454	-0.572327	55.9662
-0.845507	0.792117	1.53375	-0.156814	1.34497	55.6889
-0.507935	1.38547	-0.855041	-0.211643	1.0119	50.6464
1.13649	1.65417	1.50528	1.79276	-1.56856	68.6047
1.39311	0.790353	-1.86141	-1.37577	-0.60904	62.6499
-0.441986	1.75045	1.52705	-0.749945	-1.63247	65.0938
0.728829	0.781277	0.719557	-1.98741	-1.99963	54.274
-0.607145	1.42074	0.927186	-0.912812	0.680457	57.6196
0.168795	-1.19984	-0.760156	-0.736186	1.86726	54.6272
-1.87686	-0.825285	-1.80451	1.39806	1.18135	58.4933
-0.155839	-1.08295	-0.75334	0.281586	-0.585894	50.7603
1.72497	-1.9279	0.697779	1.247	-0.224801	57.0242
1.39521	1.75323	0.992093	-1.8919	0.606602	63.9108
1.13759	0.473412	-1.64072	1.45482	0.00980245	60.6953
1.39914	1.00468	-0.399887	-0.853371	-0.986567	58.6878
-0.35092	-0.227809	1.20086	1.25196	-0.629945	56.6052
0.758097	0.390001	-0.497676	0.802238	1.04163	48.8836
-0.0547566	-0.64346	-0.849579	1.18968	0.431626	53.4206
-1.43585	-1.57318	-1.74431	-0.24431	1.02733	61.3107
-1.10468	1.21155	-1.5318	1.95553	1.77595	60.8387
1.20858	0.646577	0.394902	0.712947	0.043466	48.1847
-1.50366	-1.42502	0.978161	-1.93492	1.51859	58.5379
