-0.549012	1.77492	1.73134	-0.441474	1.82018	61.9914
0.638034	0.732502	-1.01415	-1.69058	1.2787	61.3115
-0.702575	-0.676396	-1.33086	-0.53959	-0.410775	53.9756
1.61931	0.670586	0.153937	-1.76332	-1.35569	54.4808
-1.54529	-0.0701185	0.0495225	0.045868	0.585258	51.7444
-0.349675	-0.179477	0.325852	-1.91798	-0.218985	53.5396
-0.58886	0.352487	-1.1324	-0.776115	1.27801	58.0623
-1.08051	1.41091	-1.25278	-1.61997	-1.81712	61.5734
0.623162	-1.57081	-1.28275	-1.53683	0.445811	65.056
-1.43577	1.99943	0.386253	1.81722	-0.194503	61.256
-0.638919	-0.659974	1.00098	1.75944	-0.840304	57.4386
-1.7554	-0.956899	-1.86859	0.723217	-0.217705	60.2941
0.244057	1.40151	0.802709	-0.277677	1.56237	53.8987
0.0356504	-1.11708	-1.68798	0.10447	-1.3899	51.4016
0.0358797	-0.435362	0.666795	1.24517	0.748764	49.4455
-1.28464	-0.752788	-0.207578	-0.985598	1.70191	55.3647
-0.588022	1.51022	-0.6763	-1.54468	-1.98149	61.0428
1.63111	-0.131327	0.391216	-0.147699	-1.75758	53.8282
-1.25272	0.138462	1.90616	-0.443453	-0.330452	51.0514
0.0901069	-1.42891	0.516557	1.85147	-1.81038	54.3804
1.21609	-1.84546	0.313737	-0.571269	-1.38308	61.9885
1.95406	-1.95338	-0.751974	1.53005	1.40911	63.0455
1.2424	-1.01598	-0.263308	-0.292079	-1.57461	55.9581
1.18899	0.415634	-1.7234	0.527371	1.96183	63.5071
0.0362386	-1.07987	0.00957058	-0.338809	1.65061	56.4537
-0.542783	-1.90719	-0.545409	-1.31118	-1.8741	64.4373
1.8618	-0.43049	1.35748	-0.105084	1.50694	56.5158
1.12211	-0.218701	-1.74039	-0.76414	-1.4673	57.1082
1.46126	0.298806	-1.15334	0.228491	1.65545	61.4974
1.19417	-0.317473	0.535903	1.29456	0.913307	52.596
-1.42568	-0.233154	-1.97891	1.10364	1.23442	59.3772
-1.37585	0.295756	1.57198	-1.31651	-1.54478	57.5033
0.716813	1.2957	-0.826345	-0.0713031	-1.88973	55.3578
0.201038	-0.0157165	-0.0794145	0.955903	-1.54889	47.0811
-1.44263	-1.46349	-0.635051	1.43887	-0.514466	63.9131
-0.0579239	0.208488	-0.389757	-0.886016	1.25374	51.916
-1.18487	1.33535	-0.264319	0.824825	-1.72373	61.3685
1.81569	0.705905	0.434755	-1.44868	0.555346	56.7065
1.08741	-1.10499	0.575306	1.58083	0.120764	51.911
-0.430603	-0.951026	1.3713	-0.105459	0.200367	51.5189
-0.33981	0.111346	-0.948505	0.945968	-0.471141	52.0268
-1.85014	0.809976	1.6643	-0.720789	1.9859	57.6529
1.31282	0.274615	-1.33719	0.304979	-0.804921	51.5105
-1.18422	1.49686	-1.54606	-1.58135	0.980234	60.9313
-1.73852	-0.589395	0.614814	0.57847	0.575333	55.5396
0.410057	-0.785245	0.922143	1.76878	1.37246	52.4101
0.814087	1.00863	0.788453	-0.92074	0.8431	52.8319
-1.79082	0.22762	0.409831	-1.5235	-0.584023	63.6471
1.01764	1.18016	-0.190038	1.97925	0.780303	58.8855
-1.58554	1.64558	-1.71674	0.524236	0.0243774	61.3235
1.42643	1.06444	-1.73529	-1.72605	0.518931	65.4896
0.00599838	1.45934	1.77094	1.01078	-1.65049	62.5269
-0.771203	-1.33481	-0.367773	0.603114	0.144232	56.8327
1.89116	-0.0771005	-1.71944	0.72922	1.57198	62.6483
-1.60409	-1.73498	0.576414	0.374082	0.01338	57.537
0.461015	1.71018	1.87039	-0.619912	0.0981361	54.026
-0.982247	1.84954	-0.197177	-1.85656	1.04897	59.3774
-0.502259	-0.638984	0.852403	1.4698	-0.552809	55.1182
-0.155984	0.447155	1.72383	-0.826633	0.938124	57.6975
-1.30763	-1.97745	0.346561	-0.532085	1.46356	60.654
0.636424	-0.340105	1.19505	0.261164	1.39119	51.1983
0.169431	1.41611	0.221851	1.17618	0.755796	51.6073
-1.72694	-1.97384	0.857402	0.961593	-0.841337	55.7025
1.64415	-1.52341	-1.81068	-0.389776	-1.89664	68.9525
1.64994	-0.288472	0.368872	1.34074	1.46838	54.5292
-0.758122	-1.06121	-0.128735	0.401191	1.07308	51.2786
-1.30268	1.64762	1.0889	-1.97937	1.65742	65.6108
0.408411	-1.45041	0.59606	-0.755019	0.845145	55.9298
0.829565	1.12161	1.74617	-1.97291	-0.0701211	53.5923
1.11453	0.0201559	-1.62977	0.727499	-0.511174	58.0555
-0.463428	-1.23332	1.37395	0.384138	0.931065	59.9718
0.712764	1.47407	-0.457802	-0.419366	-1.61082	64.8401
-0.604691	1.73638	-1.72826	-1.72926	0.584538	64.1729
-0.397422	-0.47747	-1.2442	-1.6308	1.61434	55.5553
-1.01961	-1.9936	0.897242	0.488709	1.06108	49.562
-1.83827	0.900526	0.127774	1.15644	-0.94545	48.6763
1.32364	-0.853343	-1.01421	-0.511696	0.21996	54.544
0.449876	-0.76835	1.52579	-0.983579	0.666053	54.7459
0.950093	-0.662049	1.26432	-0.625802	-1.89774	51.4141
1.39867	-0.779816	0.430265	-1.46981	0.346983	56.3648
-1.20684	-1.67013	-1.19628	0.689871	-1.41705	53.9438
-0.542886	-1.26374	-1.45285	-1.06561	0.0201358	51.9226
-0.278074	-0.909645	-0.337223	1.38056	1.69213	58.9973
-1.18683	-1.2535	-1.93638	1.3034	0.795519	54.9314
-0.874222	-0.700755	-1.5692	-1.75586	1.96991	63.7803
1.00642	0.505584	-0.152644	-0.190243	-1.90861	54.7861
-1.79916	-1.79371	-0.413544	-1.40562	1.36828	57.2792
-0.987676	1.16641	-1.1596	-1.0167	1.66489	59.9119
1.63974	-0.737812	1.16039	1.29298	-1.80686	59.6147
-0.387189	-1.94543	-0.490302	0.426754	-0.865442	58.4003
1.91954	0.188318	0.737447	1.96624	-1.19755	60.5143
1.46713	1.14853	-1.62444	0.273524	0.686036	60.036
1.52913	0.0249645	1.99364	0.828276	1.83032	58.9741
-0.248989	-1.54208	-1.3824	-1.90959	1.56449	62.2194
1.63025	-0.999306	-1.39481	1.82795	1.91341	59.8986
-1.53165	-1.05081	1.52384	0.769361	-1.68656	62.3099
-1.29217	-1.99492	-1.08346	-0.306586	0.862819	54.6405
-0.346982	-0.684953	-0.0245506	0.759679	-0.726743	51.7619
0.474147	-1.87523	1.72	-1.89534	-1.9995	62.9647
0.597147	1.43928	-0.117608	-0.713295	-1.08428	49.5953
1.83603	-0.161276	1.12786	0.518616	-0.799891	50.708
1.31572	-1.70744	0.82511	0.978926	-0.452378	54.9655
0.65204	-1.50725	-1.78937	-1.1569	0.028977	53.6119
-0.168478	-0.350294	-0.368053	-0.256514	-1.78686	52.5074
0.290039	0.84384	0.556799	0.648483	0.741949	56.5543
-1.44801	-0.700369	-1.04901	1.99969	0.93784	56.3728
0.103217	-0.681352	0.00204353	1.87689	-0.73627	55.1582
-1.5724	-1.77944	1.00718	1.22709	-1.6421	56.7808
-0.741354	-1.53522	-1.11243	-1.54798	-0.305752	52.963
-0.975482	-0.999766	0.777857	1.24692	0.221696	51.2836
0.393615	-1.71171	-1.83684	1.38816	1.17851	55.153
0.829694	-0.241862	-0.138719	0.726413	-1.05733	51.4578
-1.65506	-1.71051	1.47799	-1.4495	-1.22856	64.0736
1.36003	-1.40088	-1.58745	-1.30269	-0.234888	57.5863
-0.15163	-0.349551	-0.384315	-1.68045	-0.860028	50.0438
1.6207	-1.88159	-0.640995	0.825983	-0.0281574	60.3907
1.51457	1.36089	0.42111	-0.589726	0.851303	59.9088
1.98774	0.219149	-1.57176	0.389264	1.5368	63.4559
0.565897	0.279002	1.95175	1.69376	-1.62669	65.7831
-0.150284	-1.37158	-0.661432	0.114092	0.318646	52.2261
0.113524	0.968028	1.82581	-1.31709	1.72023	55.6566
-0.207755	-1.97985	-0.411059	-1.21365	-1.68801	55.8731
1.33097	1.47471	0.224237	-0.911902	1.94341	54.061
0.323545	-1.75882	0.448404	0.864213	0.261847	55.5194
0.301761	-1.98238	-1.76844	-1.43068	-1.66171	56.9658
-0.728623	0.632435	1.03036	0.299013	1.38777	49.957
-0.650058	0.982382	0.639355	1.59267	0.734121	60.5242
-1.44315	-1.64757	-0.777237	0.253675	-0.779871	54.4131
-1.04714	0.957742	-0.575584	-1.12223	1.47979	54.4845
-1.63203	0.357782	1.17573	-1.40288	1.16241	54.5367
-0.259203	1.57687	0.611087	-0.237301	-0.767526	58.949
-0.940493	1.77514	0.623807	-1.51906	1.38039	55.7865
-0.223258	-0.0213893	-1.43338	0.149704	-1.85058	53.0448
-0.373155	1.85891	1.39401	-1.42774	-0.993173	59.3155
-1.75089	0.98081	1.58876	1.43781	0.0774987	59.6864
0.748177	0.875679	-1.4783	-1.09082	0.291097	53.4026
-0.134051	0.413569	0.981945	1.77067	1.05641	49.2512
0.257558	0.464187	-0.766076	0.31037	0.335274	52.3509
-0.254057	-1.07663	-0.604391	-1.65451	0.418174	56.9856
-1.77057	-1.82508	-1.10504	-0.0347991	0.282347	57.845
1.89038	0.906186	-1.01146	-1.24939	-1.62021	54.841
1.50115	-0.0477357	-0.855296	0.727588	0.250206	55.2772
0.813567	-0.398239	1.37444	0.542089	-1.41417	53.3093
1.28208	0.915476	0.536765	0.872104	-1.23676	52.9565
1.81685	-1.95171	1.44405	1.36548	-0.964055	58.1922
0.416343	1.63774	0.687522	0.224905	1.81763	58.0092
-0.854558	-0.34007	1.87435	1.81782	-1.68061	61.5098
0.487846	-0.344893	-0.226328	1.52265	-1.00599	60.1022
-1.87568	0.165488	0.774103	1.05692	-1.27688	54.2087
1.83268	0.999165	1.66992	0.638134	-0.814818	60.9001
-0.638934	0.691874	-0.814197	1.60085	-1.87554	63.0005
-0.946915	-1.28565	-0.701012	0.404233	-0.790604	56.1409
-0.235638	-1.33046	-1.7694	1.63811	-0.744762	63.8783
-0.557374	1.87876	1.86047	-1.1327	-1.92367	61.5044
-1.45999	-1.33533	-0.842464	-0.120169	0.447686	52.6287
0.597368	1.43924	0.738223	-1.65988	-1.2997	57.0778
-1.45358	-0.878168	-0.0565177	-0.343517	-1.45927	51.4792
0.257828	1.50695	-0.248496	1.34246	-0.8749	60.874
1.62842	-1.95109	1.37631	0.466353	1.03383	60.6917
0.203548	-0.0955373	1.03732	-0.376462	-1.95673	51.179
0.305565	-0.952537	1.67014	0.320553	-1.65288	59.7937
-0.647873	0.337293	1.42132	-1.73022	-1.68597	60.9055
1.37264	-1.33678	1.07369	-1.0872	-1.01804	58.2914
1.45647	-0.710585	1.47299	1.50845	-1.59724	63.6338
0.514876	0.00560345	-0.0885761	-1.45157	0.181242	53.6583
0.22564	-1.16272	1.5561	1.35837	1.96846	64.2147
0.182563	0.657548	1.86361	-0.110264	-1.33928	54.4401
1.51373	-1.81813	-0.613776	1.16601	-0.559152	55.2517
-1.75021	0.344938	0.742122	1.83143	0.392113	54.0703
0.833287	-1.44936	1.0004	-0.789523	0.346611	54.314
1.29659	1.78089	-0.725361	1.89535	-1.0327	58.5171
-1.1805	-1.4413	-1.36718	-0.738177	-1.9494	62.9904
1.94126	-1.53601	1.46668	-0.59802	-0.592894	56.1095
1.45105	-0.46107	-1.70197	-0.486383	-1.24793	57.2019
-1.01712	-1.26874	-0.561244	-0.51593	0.764503	58.0498
1.98516	1.41266	-0.191193	0.121317	-0.0557057	53.8246
1.96986	1.41225	-0.917183	-0.320269	0.0561439	50.8877
0.0377096	-0.255821	-1.15305	-0.391655	-1.32563	56.7464
0.720109	-0.723031	-1.30065	0.0720529	1.08598	57.0552
-0.0493562	1.13815	0.281501	1.32722	1.79993	59.5448
-0.827099	0.0467613	0.963199	-0.932126	1.6203	51.4787
0.54497	-1.6971	-1.86166	-1.37609	1.98346	58.4312
1.29543	0.664069	1.63891	0.730787	-0.398252	53.2304
1.53985	1.30423	0.263274	-1.63515	-1.03413	57.1858
-0.199227	0.363178	1.32572	0.0776748	-1.57622	56.3254
-1.47306	-0.15119	0.395868	0.0880322	-0.771227	51.039
-0.489469	0.469552	1.47973	-0.379969	1.90865	55.7397
0.114726	-0.994644	1.8776	1.2169	-1.80273	58.5079
-1.83564	-0.0456988	1.98538	1.24444	0.897762	54.1104
0.0384453	-0.88091	0.416012	-1.67463	-0.430946	50.6517
-0.308171	1.64951	1.1916	1.8375	1.75877	58.8953
-0.698013	-1.39933	0.415088	-0.919659	1.47392	57.1583
-0.338643	1.79985	-0.374953	0.535996	-1.85163	57.3461
0.0372787	-1.20081	0.344439	-1.9739	-1.04552	53.8877
-0.832485	0.737406	0.401942	-1.38744	-1.05767	54.6669
-0.269549	-1.06314	-1.13031	0.553012	-1.60512	51.1654
-0.34613	0.254535	1.04178	1.50418	1.39276	53.471
-0.669398	-0.0134995	-0.0893967	-1.62474	1.41309	57.5099
0.196204	-0.870906	1.57535	0.370266	-0.612506	56.76
1.7408	-0.21595	-1.44696	1.172	1.24638	61.3145
-0.562355	-1.69233	-0.875503	-1.58206	-1.27383	59.0642
-1.91108	0.142223	0.866976	-1.6888	1.90846	60.6416
0.361878	1.0758	-1.16102	1.71197	0.18217	55.1975
-0.873266	0.721524	1.31508	1.88257	-0.576417	52.3592
1.39013	-1.51551	0.577918	1.22204	-0.169895	55.7541
0.614831	0.465563	-0.225522	-0.482155	-0.310956	57.1515
-0.418859	0.991998	0.132739	0.439403	-1.55704	54.8616
1.58911	-0.449646	-1.81737	0.655206	1.87635	55.7058
-0.571353	0.491988	0.616433	-1.37599	-1.86903	59.0106
0.106444	0.864528	-0.26849	1.21308	-0.571528	54.5707
1.5333	-0.561656	-0.115688	-1.11676	0.550591	55.0382
-0.149239	-0.881024	-1.30005	-0.884719	0.650133	56.1926
-1.95778	0.687108	1.3359	0.0996332	0.506177	53.6545
-0.254676	-0.617364	-1.15383	0.710829	1.41726	50.5998
-1.22802	1.73033	1.05972	1.71462	-1.76974	55.3725
-1.4555	-1.22474	-0.0609446	-1.04008	0.948055	55.7051
-0.447551	0.98141	0.555635	-0.69981	-0.870748	54.2995
-1.31386	1.18654	-1.85457	-0.868418	1.34427	53.1506
-1.94727	-0.735119	-1.29642	0.940911	-0.190416	56.1737
0.394129	-0.327766	0.0413714	-1.49631	-0.724688	50.1184
1.54852	-0.274998	1.92035	0.440803	0.596378	59.872
1.29227	-1.99731	-1.67456	0.632235	1.60818	63.2466
1.91966	-0.93489	1.65032	-0.0935085	-1.43421	58.2252
-1.63562	1.00955	0.243548	-1.1774	0.236573	57.0055
0.38407	-0.946394	-1.8912	0.975266	0.756879	52.5156
-0.660337	1.26241	0.448782	-0.862599	1.32389	51.5994
-0.824255	0.779925	0.0148084	-0.00340826	0.00976736	44.3217
0.150131	-1.88129	-0.117807	-0.218442	-1.6907	50.7677
-1.06905	1.28514	-1.60644	-0.528498	0.599774	56.1671
-1.19522	-1.00309	-1.80318	1.74343	1.61897	58.6426
0.860139	-1.40099	-1.41539	-0.505635	1.50277	65.6787
1.23163	0.842289	-0.200233	1.44982	-0.733496	57.1896
-1.09446	-1.84724	0.242271	0.0267419	-0.439923	57.0904
1.62829	-1.49691	1.7701	-1.76574	-0.184879	63.4919
-0.743623	-0.218143	-1.27682	1.95515	-1.32119	58.4255
-1.43823	0.613997	-1.08559	1.6802	-0.586327	53.5926
0.485985	-1.3355	1.58634	-0.124819	0.90959	61.2499
-1.5374	0.4247	0.703662	-0.511664	1.19892	53.54
0.561174	-1.28889	0.724806	0.817747	1.50139	57.9114
0.501549	1.78606	0.630491	-1.38875	1.73971	59.8604
1.76077	-0.832296	0.748057	-0.65646	1.43104	55.434
-1.50008	-0.951964	0.686038	0.00552877	1.46976	54.5201
0.356318	0.509579	-1.95978	1.72781	0.526931	55.7086
-0.901501	0.991198	-1.35062	0.944724	-1.47223	55.5018
-0.342969	-0.355445	0.666483	-1.36605	1.07559	60.1197
1.4531	-0.295505	1.41315	0.384377	1.21726	61.3854
-0.0303002	-0.442098	-1.54269	-0.60622	1.23687	51.6061
-0.818525	1.69958	-0.810037	1.41838	-1.26692	58.3349
0.844681	-0.865735	1.40734	-1.94962	-0.21394	51.2674
-0.359417	-1.54794	1.74518	1.18794	0.352044	58.9439
1.37123	-1.25663	-0.205913	-1.351	-0.202605	60.6159
-1.91822	-1.39932	-0.365338	-0.0131475	0.54174	59.4642
-0.698369	-1.26416	1.31002	-1.21466	-1.35653	53.0471
-0.794532	-1.33586	-1.09373	0.791617	1.42273	51.2283
0.90549	1.65408	-0.226172	-1.74139	-0.00327317	55.2827
1.05103	0.803527	1.61595	-0.546423	0.645088	53.308
-0.167547	0.173968	-1.85337	0.570794	-1.89553	58.2014
1.74494	0.461983	1.78879	-1.14289	-1.7085	60.4689
-0.0705827	-0.652974	1.52042	-0.704707	1.61681	60.415
-0.501265	-0.45242	-0.423736	0.813728	-0.927088	58.5477
0.1803	-0.672848	1.44176	-0.598424	-1.85434	57.5415
-1.24547	-1.86002	1.04483	0.491001	0.817019	52.056
-0.156408	-0.746188	0.838907	-1.45522	0.979511	53.2703
-1.08956	-1.3369	-0.818077	0.795946	-1.88109	59.98
-0.27467	-0.803648	1.9502	-0.714638	1.60542	55.194
-0.0119784	-1.95688	-0.451901	1.9293	-0.620022	59.8083
0.613305	-1.73298	-1.85711	-1.48453	-0.397942	60.6153
-1.87168	-1.06955	1.91046	1.26635	1.44016	62.9858
-0.940937	-1.34852	0.269538	1.89452	-1.8207	61.1451
-0.784094	0.176403	0.396248	-0.119811	-0.204349	50.9822
1.24207	-1.37422	-0.752585	-1.54197	-0.717334	59.2837
-0.933213	1.73366	1.99928	1.7861	0.805574	61.7083
0.571205	-0.845035	-1.74875	-1.68382	-1.76388	57.6736
0.0951399	-1.07054	1.68632	-1.24756	0.370687	50.6225
-1.32695	-0.668243	-1.92165	-0.965226	0.755652	60.4187
0.944407	-0.487743	0.0455979	-1.65647	1.1184	57.8264
0.664883	0.911662	-1.9701	-0.877826	0.174206	53.4548
-1.20946	1.97088	0.423505	-1.87093	1.58241	65.0442
-1.56836	1.9529	1.85607	-0.369661	-0.437594	60.3784
0.892519	-0.219058	1.77381	-1.08579	1.57165	52.6002
1.93462	-1.08807	1.57444	-0.566198	1.99687	58.9309
0.326397	0.532469	-0.606964	0.555849	1.54426	57.5764
0.206125	0.02428	0.0750311	-0.399902	-0.118472	51.9959
0.891267	-0.512007	-0.706224	-0.0311754	-0.0107322	51.0724
1.81013	-0.671791	1.57148	-0.68711	-1.63262	61.3962
0.750101	-0.32901	1.79866	1.77995	-1.22355	54.8899
-0.811921	-1.36188	-1.12693	-0.589001	1.05129	52.5157
0.0680548	0.740431	-0.0640357	-1.56163	0.796643	49.8725
-1.94296	-1.64392	-1.93538	0.0241932	0.435602	54.3789
-0.101286	-1.00556	0.776854	-0.839382	0.941042	48.7832
1.9692	-0.40273	1.42439	-1.73996	1.60885	67.0447
1.75506	-1.08049	0.640453	-0.0181056	0.273162	51.4684
0.936761	-1.29286	0.259876	1.41617	1.50316	57.5703
-0.358194	-1.71598	-1.46427	0.0755173	-0.0129514	55.7038
0.0053881	0.759852	-1.95035	0.24841	1.13303	56.2152
1.19225	0.138975	0.255784	-1.65327	-0.834689	56.2005
-1.41359	-1.19071	-0.370637	-1.34641	0.673526	53.3887
-1.39488	1.1098	1.63422	1.72188	-1.17344	61.1921
1.96454	-1.02397	-0.956525	-0.823098	-0.991506	53.1147
0.130858	1.24682	-1.08953	-1.41992	1.04933	58.5936
-0.503018	-1.93027	-1.33712	0.922331	-1.93725	56.8115
1.73465	1.74023	1.00277	0.771208	1.10013	58.2057
1.01907	1.22141	0.663199	-1.16639	-1.49653	53.0308
0.770129	0.405769	-0.516388	-0.349763	1.88383	53.4235
-0.311379	-1.46913	1.17697	-1.78367	-1.94917	59.7726
1.89054	-1.93319	-1.65625	-1.36354	0.882866	66.3943
1.7644	0.386992	-0.517213	-1.57882	-0.239757	61.4861
-1.48937	-1.74071	-1.60221	-1.66745	0.896691	61.0672
-0.773258	0.0165982	1.64036	-0.341137	0.693772	50.4711
1.81184	0.593738	1.52112	-0.455258	-1.43401	59.6867
0.241553	0.0113015	1.76793	-1.31568	0.656672	55.1378
-1.44674	0.963367	-1.66636	-1.84482	-0.00361446	53.4639
0.504621	0.5553	1.66719	-1.72483	1.81318	56.868
1.91477	-0.713575	-0.312051	1.71989	0.745506	57.7499
1.97187	-1.584	1.63942	-0.690511	0.844839	61.8112
0.43722	-0.53509	0.916804	-0.764812	1.22481	56.8944
1.22823	0.982444	-1.50603	-0.86256	-1.76306	55.9996
1.78813	-0.746196	-1.9133	1.60714	-1.95669	65.0795
-0.0912707	1.69115	1.28322	-0.675433	0.163225	57.3923
-0.104192	-0.182724	1.02498	1.90796	-0.313824	56.371
-1.74407	1.69437	-0.356331	1.34954	0.0198894	59.0383
-0.473581	-1.59206	0.329645	0.0805838	1.11438	54.2442
-1.33441	0.56564	-1.20781	0.757098	-0.985533	58.5369
1.55169	-0.460308	1.36006	1.52709	-0.264748	60.5041
0.732696	1.92639	-1.18479	-0.734973	-1.01404	56.2361
0.147059	0.19561	-0.515416	-1.71614	0.615821	55.7586
0.938744	1.18453	-1.38965	1.55042	-1.83761	55.675
-1.54136	1.69241	-1.31891	-0.531418	-0.89533	58.193
0.279927	-1.65955	1.13337	1.46602	-0.322428	60.1569
-1.27754	1.74517	1.173	-0.0752248	-1.82348	59.5195
1.93587	1.04282	-0.971293	0.392702	0.344169	52.8867
1.95036	-0.858867	1.94384	0.737052	1.18948	57.4663
-0.700149	1.6826	1.23204	-1.57157	1.86876	66.5599
0.127958	0.995491	-1.93151	1.48612	-1.1184	51.9457
1.77306	-1.63951	-1.85467	1.19876	0.00706743	56.9062
-1.86211	-0.292764	0.117505	1.20112	-1.09336	58.2641
-0.410721	-1.07574	0.747899	-0.905385	1.05613	54.1055
-0.604443	-0.115	0.302669	1.47248	0.948961	56.6392
-0.364021	-0.94116	-1.2528	-1.54489	-1.79213	63.3171
1.17274	-0.579071	0.233269	0.705866	-0.660307	49.5096
1.97193	0.334857	1.48807	-1.52568	1.18676	59.2399
-0.819326	-0.923012	0.115976	1.32209	-0.459858	56.5483
-1.96636	1.09422	-0.445521	-1.56688	1.13272	54.2896
0.475074	-0.974699	-1.60451	0.863495	1.12034	53.5068
1.37844	-1.29788	-1.6673	1.58866	0.805434	62.1752
0.0277008	-1.55127	1.32269	-1.43258	1.35488	60.573
-0.841642	0.366963	-1.93322	0.568132	-0.0668351	57.9052
-1.86977	-1.26535	-1.12366	-0.788854	0.373546	61.3455
-1.08355	1.76209	-0.43264	-0.0494105	-1.99164	54.1968
-1.39001	1.27481	1.24808	1.1923	0.93704	61.0445
1.76425	1.33596	0.531324	1.16333	-0.426453	56.1575
-0.348244	0.822381	-1.73575	-1.37499	0.670896	59.8665
-0.00724439	-1.09338	-1.14775	1.31863	1.26251	56.0676
-1.5536	-0.0894754	1.42721	1.33186	-1.88499	63.5487
1.77681	-1.27939	0.948921	-1.93881	0.78213	57.4245
1.33206	-0.427847	-0.738777	-0.253842	-1.3003	58.298
-1.86364	1.53868	-1.48241	0.891803	0.660268	65.7661
-0.384766	1.25514	-0.933817	-1.37721	0.428047	52.2273
-0.708679	0.427379	-1.80924	-1.67431	0.871589	55.1741
-1.80816	-1.30249	-0.49631	1.99643	-1.35397	61.6055
0.28701	1.46401	-0.00204552	0.0578578	-0.848535	50.09
0.128191	0.927243	-0.0838958	0.709108	1.94633	48.3882
0.628418	-0.00538297	0.853229	-0.665647	0.14155	53.0775
0.0605926	-1.7482	-0.569252	0.82738	0.395096	51.2653
1.76924	1.34326	1.06793	-0.0543062	-1.99658	53.0328
0.50882	-1.88518	-0.677055	-0.862199	-0.493261	56.299
1.20108	0.175625	-1.10855	1.28131	-0.250292	54.6669
-1.14991	-0.685292	-1.09725	-1.24264	-1.47013	56.6257
1.35772	-1.06946	-1.35685	-1.16306	-1.49812	57.4703
-1.73579	-0.180717	-0.481407	-1.1167	1.06959	54.1334
-0.438193	0.925517	-0.928484	-1.0318	1.17723	51.0305
1.26808	0.271969	-1.09047	-0.0849957	0.704425	47.5061
1.89871	-0.943672	-1.93999	-0.627386	-0.343825	59.6455
-1.97843	1.63514	-1.17394	1.63957	-1.0035	62.9313
1.8857	-0.506208	0.192908	-1.13273	1.87722	58.3059
-1.54931	-0.452218	1.16398	0.719604	1.35387	61.4258
-1.03907	1.26944	-1.03286	1.57169	1.03004	50.396
-1.85267	-0.556838	-1.08029	-0.606872	-1.80222	61.9534
-1.37661	0.0341615	0.905928	0.377529	1.2251	54.3678
1.99863	0.0990368	-0.0216182	0.778848	-1.1892	48.4556
-1.37046	-0.412813	-1.34549	-1.46045	0.72848	65.1074
0.357647	-1.2416	0.855054	1.65756	-1.40195	59.0229
0.746654	-0.342268	-0.361456	0.0939255	-1.48531	57.1183
-1.31607	-0.293155	0.356607	-1.82651	0.646867	57.1329
-1.55297	0.952355	-1.58192	-1.69519	-1.04431	54.6196
0.271289	1.25953	-0.510657	-0.0461037	-1.93741	56.635
-0.411463	0.653942	1.59302	-0.587044	-0.813425	56.2892
-0.23554	1.39613	-0.947278	0.0501714	-1.83827	52.382
-0.859473	-1.54275	0.660205	-1.99536	1.95145	56.6396
0.268909	0.355195	-0.806322	0.810928	0.917841	47.8869
1.62596	-1.99688	-1.73973	-1.89066	-0.256276	64.2019
-1.71516	-0.634025	-0.532074	-1.62304	-1.34735	59.3924
-1.20428	-1.55674	-0.0414264	-0.570102	1.62758	58.7184
1.62273	-0.715073	0.643067	-0.911968	1.89615	52.6863
-0.0567043	-0.63367	0.178391	-0.284647	-1.00274	46.5322
1.7922	1.54559	0.577148	0.706615	-1.51292	65.88
1.19577	1.38425	-0.647008	-1.47099	0.228019	61.8908
1.38942	1.13177	1.36701	1.15119	0.379686	56.8833
-1.26869	0.892705	0.539077	0.613645	-1.95044	61.5467
-0.96685	-1.88163	0.478157	-1.59902	1.5349	58.8612
0.386214	0.586711	-0.899726	1.338	0.231988	50.5562
1.71294	1.29605	1.01044	1.35447	0.945737	61.003
-0.754211	1.53854	1.48601	-1.41027	0.417295	59.7417
1.11214	-0.57828	0.530283	0.377314	-1.77488	53.3997
0.444748	1.1047	1.50051	1.49947	-0.399694	56.083
-0.11933	-1.94447	1.40181	-1.03612	-1.83723	63.0651
-1.02851	-1.74286	0.0912068	-1.56869	-1.46337	53.5158
-1.31348	-1.27837	-0.396709	-0.975681	-0.0266016	51.7031
0.553217	1.04576	-1.80647	-1.79743	-0.51647	57.9148
0.47243	-1.70363	-0.296416	1.71277	-0.632362	63.143
1.64818	0.985552	0.858263	0.434055	-1.727	59.932
0.618719	0.352233	-0.12799	1.0498	0.772121	56.4308
1.58398	1.66791	1.53239	-1.13238	-0.515097	66.7928
0.874786	-0.869399	-1.94113	1.83878	-0.25993	60.986
1.18323	-1.93007	-0.800201	-1.10262	-1.43141	55.2163
0.727334	1.95783	-1.31284	-1.18989	-1.56269	55.8555
0.648621	0.778468	-0.444542	-0.509415	-1.90883	60.6071
1.67219	0.933413	1.76785	1.13772	0.629305	57.9665
-1.42313	-1.39579	0.280841	-1.34955	-1.98596	56.3762
1.55376	1.65913	-0.938245	-0.621571	1.63807	62.8753
-1.83066	0.585392	-1.21983	-0.26679	1.76083	60.9197
-1.09804	1.48696	0.883532	1.91507	0.133166	57.4618
0.161973	-0.292783	-0.806827	0.534439	-0.238576	52.4292
1.1412	0.12717	0.13855	-0.104022	-0.535377	48.3479
-1.36743	1.45055	0.50573	-1.00965	-0.376717	60.0409
-1.56863	0.845567	-0.0328829	-0.708315	-1.8188	59.0007
0.99927	-0.914977	0.0138595	1.94252	1.88687	56.258
1.22158	0.740551	-0.929384	0.864509	-0.685141	50.1952
1.27607	-0.702866	0.54518	-0.229478	-0.208039	49.7933
-0.607997	-1.92844	-0.478141	-1.37465	-1.5386	59.8965
0.0197288	-0.684984	-1.09075	0.258368	-1.81871	50.0372
-1.46681	-0.0743934	1.99834	0.484463	1.00142	59.2924
0.662125	0.944918	-1.53432	0.867833	0.839556	57.2208
0.0767491	-1.11123	-0.517571	-0.196645	-1.85234	53.9261
0.972682	-1.04529	-1.5821	-1.56599	0.0539595	50.8635
-1.1821	-0.303869	-0.11596	0.876204	0.545963	47.8283
-1.05037	-1.76807	0.47579	1.70933	0.446099	61.6322
0.29892	1.19227	-1.31794	0.808081	-0.880676	57.1864
-0.944399	-0.360308	0.814515	1.13002	0.85467	54.8039
-0.335265	-0.791669	-1.70558	-1.06589	0.678514	59.1608
0.876533	1.35055	-1.55609	-1.96824	-1.04045	53.5421
1.47449	1.84355	1.88115	-0.179719	-1.99244	59.5445
-0.666099	-1.39696	1.21951	0.559363	-0.0806079	57.0299
0.854645	-1.07415	0.879463	0.227916	1.90329	53.1416
-0.446728	1.53705	-0.852399	1.05019	0.938457	50.8831
0.165447	-0.0153626	1.99596	0.674515	1.15957	56.954
1.06274	0.23976	-1.23842	1.05754	-1.84519	58.5129
0.349399	-0.0998949	-1.15199	-0.989383	-0.678699	51.0164
-1.58741	-0.221316	1.12546	-1.55021	0.392513	59.8353
-1.05104	1.13735	1.74682	0.804555	-1.27208	52.0224
-1.23193	-1.24137	-1.37232	-1.33195	0.611669	56.5191
-1.10698	1.29393	0.0618184	0.339064	-0.210191	51.9105
-0.860704	1.55412	0.374827	-0.426118	0.370885	59.5792
1.98973	0.0250003	-0.902664	-1.50336	0.361772	52.6464
0.0124085	-1.40266	1.07315	-1.46855	0.236378	56.2554
-0.834612	-1.60448	-1.29945	-0.00524813	1.12833	58.4399
-0.954399	0.419438	-0.259081	-0.108019	-0.0623016	45.484
-0.26955	0.672878	0.481964	0.278282	-1.46002	52.3525
-0.293287	1.19375	0.165418	1.4186	-1.14581	58.3606
-1.19117	-0.96609	1.39644	1.17234	0.667462	52.2696
0.465029	-1.28413	1.201	-0.0669262	-1.0546	51.8517
0.487836	0.600511	-0.242932	1.9751	1.71335	59.6644
0.347071	-1.24082	-0.97437	0.92083	-1.42293	51.1653
-0.959247	-1.22319	0.104198	0.728161	-1.49032	54.3852
-0.912455	1.5466	-1.39906	0.252068	1.84878	54.875
0.619648	1.45248	-0.0849447	-1.50353	1.85446	54.6621
-1.71686	-0.845626	-0.800375	0.356865	1.19751	53.8282
-1.95769	0.482671	0.130388	-1.89454	0.499764	62.6528
0.554679	1.73782	-1.72925	-0.0444998	1.1982	62.2326
-1.22833	-1.09325	-0.0194677	-1.69057	-1.91825	60.7486
1.00896	1.94168	1.77195	0.912228	-1.70953	56.6524
1.51588	-0.555709	0.412275	-0.187808	1.08709	57.7669
-1.32374	0.526812	-1.69214	-1.38196	0.63697	65.2172
-1.89589	-1.95963	1.99542	1.99289	1.46617	60.222
-1.42283	0.512446	-1.03619	0.741701	-1.13597	50.5088
0.223866	1.12742	1.08373	-0.568025	1.10123	49.7915
0.186855	0.20601	1.66977	1.49041	-0.771978	59.749
-0.901884	-1.71717	-1.95901	0.746072	1.65979	57.499
1.86557	1.92055	-1.93708	0.383989	1.68655	62.5823
-1.24463	1.19863	-1.1875	0.787554	1.40686	56.8616
-0.385224	1.29542	1.4588	-1.65499	-1.14888	64.7799
0.298811	-1.25983	0.993663	0.60063	1.10577	53.0949
-1.28063	1.58616	1.88434	-0.0231284	0.767083	56.925
1.52879	-0.0414911	-1.76131	-1.09798	1.7551	60.5899
0.263539	-0.62382	-0.117937	0.960307	-0.178221	54.5883
1.03611	0.657174	-0.316812	-0.0809922	-0.611678	51.3423
-1.24113	-1.12623	-1.71714	-1.87662	-1.4253	65.2013
0.8964	1.62456	0.807975	-0.426264	-1.76951	56.0059
-0.264468	0.825522	-1.86872	-1.78024	-0.555948	59.7242
0.702878	0.718683	0.275463	-1.18875	1.79387	60.1738
1.60086	-1.01117	0.897151	-0.71139	0.828895	49.4655
0.532072	0.371203	1.04599	-0.232642	-1.85897	54.9949
-0.34504	-1.3134	1.50043	-0.576237	-0.685684	62.7786
0.688454	-1.44652	-0.74174	1.71551	-1.36722	65.0037
-0.987669	-0.443919	1.75814	-0.405877	1.87886	58.5346
0.990687	1.37071	0.738039	-0.617476	-1.89879	52.5242
0.704609	1.42994	0.826625	-0.793955	-1.88915	60.5333
-0.217496	-0.0435269	-0.44453	-1.04625	0.177716	49.7505
0.504096	1.70683	1.67023	1.17902	0.209607	56.1185
1.82589	-1.84474	-0.618715	-1.04818	-0.664441	52.7183
-0.367831	1.38659	1.89186	-1.7154	-1.96597	61.0898
1.62193	1.03694	0.570598	0.737833	1.73454	63.6653
-0.327348	1.82399	0.09597	-1.77677	1.42141	58.5289
0.463331	1.91551	0.25659	1.22219	1.06841	53.4284
-1.28613	-1.3607	-1.23882	0.622231	-1.80071	60.4705
1.67343	-0.608978	-0.769945	0.506458	1.1879	57.1628
-1.01169	-0.891648	-1.17225	0.788791	0.665754	48.0959
1.63792	0.0602962	1.34435	-1.80667	-1.34536	57.6578
1.96163	0.330978	-0.797504	1.2674	-0.0370756	55.1049
-1.12351	1.86859	-0.13807	-0.80833	0.926542	52.9926
-1.9348	0.115968	-1.97978	-1.43006	0.798337	55.394
1.97849	-1.12145	-1.94606	-0.197029	0.736759	57.2069
-1.02079	-0.110894	-0.802395	0.176396	1.30347	48.1563
-1.37332	-0.673179	0.795557	1.83437	1.62414	64.2658
-0.0775921	1.05132	-1.26942	0.617406	-1.02682	49.5921
0.239308	-1.39261	-0.750296	1.85255	1.58419	60.6652
-0.350804	-0.0660248	-1.70991	-1.01808	0.864746	52.5767
-0.093893	0.552409	1.39217	-0.822489	0.723362	56.7767
-1.28614	-0.314075	0.833316	-0.889993	-1.05277	51.1662
1.07217	-0.336971	-1.78342	-0.674539	-1.82877	52.4496
0.372085	1.65061	0.0665453	-1.03028	-0.54643	55.6595
-1.44768	-1.04572	-1.95032	1.62228	-1.75261	58.6888
0.702093	0.50875	0.543174	1.74741	-1.39816	62.6798
1.46527	-1.02702	-0.0468841	1.11304	0.169294	49.6483
0.436543	-1.44683	-0.763973	-0.0748392	1.27881	54.4642
-0.00586701	1.88965	0.910368	-1.2001	1.94059	54.6371
-1.09316	0.540781	0.045811	-0.484165	-0.642865	55.0479
-0.908284	1.4755	-1.88521	-1.42342	-1.87008	62.2965
-0.0566821	1.32559	0.089025	-1.90959	-1.27252	50.0543
-1.99493	-0.986901	1.67708	-1.45334	-1.0431	60.0006
0.905545	-0.936614	-1.12163	-0.115531	1.0299	47.8333
0.423335	0.960609	-0.271831	-0.744972	-0.157733	47.1895
1.64534	-1.35806	0.970952	-1.98985	1.72673	66.7859
-0.131684	-1.08117	1.9802	-1.82536	0.509332	52.7303
-0.28667	-0.445157	-1.48022	0.266893	0.947809	58.5954
-1.63914	1.70062	-1.68611	0.459967	-1.74077	69.7903
0.172952	1.21424	-1.75181	-0.00573598	-0.181486	52.4899
0.129893	-1.91754	1.3201	1.4303	1.39364	61.7872
-1.50861	-0.289939	0.832616	-1.53204	-0.103928	56.3475
1.39353	1.40506	-1.53269	-0.114156	1.32029	56.066
-0.279	0.924487	-1.46363	-0.0960284	1.98918	56.595
-1.72078	-1.1125	-0.535824	0.128268	0.394771	56.2549
0.663272	0.501463	1.85987	0.0381908	1.99092	59.3086
0.567976	1.78436	0.0353312	-1.50898	-1.19289	60.4543
0.14622	-1.40058	-0.316695	-0.565842	0.341833	49.6794
1.05328	0.747837	-1.82207	0.855381	1.74328	57.9547
-0.808662	-0.00895433	-0.96447	-1.69006	-1.7843	52.1176
1.93506	0.143719	-1.53001	-0.774892	-0.645839	54.7408
-1.99312	-1.06356	1.72879	-0.759621	1.0533	56.9865
-1.99428	-0.877929	-1.92399	-1.47277	0.0567867	61.5466
1.57687	0.5702	-0.530069	-0.187211	-0.0555316	54.033
-1.18117	-0.555146	-0.570892	-0.478366	-1.80108	57.6012
1.00558	-0.259136	1.46406	0.635388	0.684665	51.8743
1.21948	0.202375	1.47049	-0.827047	0.0548868	51.3297
0.478294	-0.989304	-0.356015	-0.359098	1.16965	56.2711
0.476499	0.831998	-0.765712	-1.60897	-0.695535	52.1601
-1.47249	-1.15051	-1.10967	-1.53124	0.353826	58.9932
-1.47253	0.90138	0.841991	-1.57787	1.65397	59.9899
-1.39077	-1.80267	0.828804	-1.26142	1.94034	62.1517
-0.260324	-1.38731	1.23102	1.97148	0.913899	61.0907
-0.920458	1.63598	-0.366426	-0.52199	-0.882582	55.4069
-0.244307	-0.154538	1.7732	1.71542	0.707827	51.3271
-0.957432	0.285818	-0.0808395	-0.246311	0.317559	53.9353
0.191893	0.0228928	1.89811	-0.812809	-0.784745	49.5586
1.49787	-0.0643066	1.27831	0.497338	1.88581	52.9522
-1.90267	1.17492	-0.411923	1.18394	1.10734	57.3152
-1.96265	1.55871	-1.78479	-0.37004	0.514957	55.7764
0.705384	0.109241	1.87656	-0.513057	-1.61037	62.6121
1.96715	-0.886454	-1.08874	1.797	0.432521	52.1376
0.176596	-0.694377	-0.566187	0.0862674	0.0774211	53.4132
-0.670247	-0.130836	-1.20822	-0.262762	-0.812144	56.0459
-1.9531	1.25481	1.42616	-0.360367	0.544133	61.2002
-1.12705	0.627647	1.94184	0.286157	1.21071	51.5447
-1.97758	-1.57082	-1.41179	0.907403	0.191697	62.9168
1.3046	1.24402	-1.38272	-0.940456	0.00724954	57.9134
1.98368	1.35921	0.928471	1.61903	-0.590522	59.9284
0.255901	0.840752	1.47918	0.793142	-1.5131	55.3836
1.80222	-0.56	-0.140941	0.52091	1.8182	57.1321
1.88802	-1.39663	-1.7871	-0.236451	0.217174	55.4088
-0.916502	-0.685313	-1.44162	1.57105	1.75596	60.2674
1.08103	-0.194927	-1.97275	1.87119	0.420348	55.0631
1.10486	0.479802	0.116682	1.53423	-1.00653	59.1516
-1.60295	1.01424	1.5428	-1.82345	1.27471	60.7895
-1.21963	0.646255	0.436379	-1.37532	-0.293939	56.3927
0.646344	0.555002	1.47405	0.678405	1.00813	56.9086
-1.01238	0.999817	1.03521	1.25496	-0.661751	55.3288
-0.49696	-0.373219	0.506148	-1.35725	1.217	55.9405
0.0848952	-0.427508	-0.918759	-1.67582	0.145387	54.4525
0.370266	1.64992	0.70252	0.148854	0.306395	55.886
-1.32497	0.0783881	-1.78276	0.113902	-0.995663	50.8804
1.59815	0.469758	-0.0342248	1.31502	1.49468	64.2629
1.77902	-1.8711	1.73584	-1.51911	0.332184	57.1495
-1.14896	1.57524	-1.78934	0.115163	1.41017	53.8294
1.68411	-0.193972	-1.59908	1.72567	-1.79337	56.764
0.0398101	-1.61224	-0.961609	-1.19341	1.39811	60.1125
1.34249	0.0305677	-0.891778	1.61218	0.594539	51.4568
1.65972	-0.00506155	1.67352	1.7173	0.875343	61.1168
0.235484	1.47694	-0.0473759	-0.784379	-1.94685	50.4394
1.48787	1.43841	0.98258	1.73697	-0.936276	64.5628
-0.851532	-0.170768	-0.168686	-1.48431	-0.0412919	49.396
-0.344898	1.57709	0.663773	1.36288	1.91755	60.9291
-1.72977	-1.91995	0.974509	0.284294	-1.29498	56.3976
0.153305	-0.0948021	1.4107	-1.10271	1.74473	57.1635
-0.0467592	-1.02372	-0.999622	-1.25677	-1.39427	49.1801
0.254841	0.306721	0.728329	1.55751	-0.48101	51.3268
1.98446	0.935041	1.90394	-0.97647	1.09808	53.8129
0.191855	1.46159	-1.47739	-1.8188	-1.49778	67.0591
-1.61035	-0.0241553	1.87341	-1.71928	0.37951	63.3469
1.49673	-0.999955	1.11387	-0.424713	-1.15597	60.0217
0.292187	-0.569134	-1.1588	-0.248764	1.19791	53.5466
1.99103	-1.35864	1.76305	1.0618	0.656319	65.0258
-0.329589	-0.94386	-0.875195	1.52492	-0.940816	52.7879
0.492317	0.109468	-1.4049	1.70485	1.32592	63.9662
-0.906514	0.0382174	-0.979063	0.255601	-1.91648	56.5652
0.522082	-0.295258	-1.6212	-1.67255	1.782	55.7135
0.0720827	-1.37081	-1.67106	-1.51734	0.737388	54.7407
0.526949	0.00607055	1.52206	1.899	1.72381	55.3419
1.84061	0.201428	0.435656	-1.85168	0.204105	51.7847
-0.257518	-1.60682	1.11288	-0.36371	-0.447323	51.979
1.86665	0.324434	0.743303	-0.0599308	-0.0048029	48.3973
1.97076	0.0702409	-0.285989	-0.752831	-0.994507	56.0168
-0.210871	-1.23358	0.122035	0.492328	0.657614	51.1545
-0.631112	1.82654	-0.308501	0.836412	-0.163261	56.261
-1.95619	-1.85348	-0.516117	0.824601	-1.41038	57.0177
-0.478755	0.029334	1.9735	-0.998181	1.37543	55.1865
0.22332	0.171312	1.8286	-1.68577	1.61083	61.2602
-1.82919	0.739505	-1.20504	-0.340938	0.981659	56.3878
1.7449	0.223766	1.72294	1.16191	-0.801718	54.9583
1.47701	-1.61501	-0.969427	0.498382	-1.84048	62.4025
0.150108	0.265109	-0.36155	1.86069	-1.03399	55.4208
1.65242	1.56232	-0.10409	1.46548	1.13653	65.0186
-0.357471	-0.257143	1.47574	1.05601	0.724553	55.9886
-1.30022	1.64346	0.652623	0.522648	-1.20763	61.72
1.30451	-1.72516	0.0725422	-0.732583	0.509642	54.495
1.86741	1.49478	1.14703	0.895968	-0.494469	54.5333
1.83407	-0.92263	-0.209564	-1.27113	1.03138	59.3513
0.601676	-0.150283	-0.852227	1.87525	0.92814	55.1032
-0.912451	-1.9334	-1.68168	-1.82299	0.386529	63.4252
0.954276	1.68136	0.887805	0.123439	0.31816	55.1626
-0.425846	-1.06043	-0.133349	1.26027	-0.756625	52.8029
-0.271077	-0.70959	-1.72708	1.77572	-0.315608	55.2759
1.1379	1.67055	-1.80192	-1.81286	0.965245	57.3123
0.240507	-0.0112707	-1.46509	-1.93665	0.63098	58.2716
-1.58264	0.96825	0.385304	-1.7609	0.884158	62.4544
-0.951662	1.96725	0.11634	0.532503	-1.47656	60.5018
0.640298	1.38092	1.43791	0.352584	-0.0636867	60.4405
-0.514958	0.726625	1.28522	0.865878	0.88132	52.8541
0.0199473	-1.33316	-1.03801	1.44747	1.51578	62.9196
1.98819	0.965385	0.251829	0.712515	-1.71131	56.3275
1.48583	1.96901	-0.706379	-1.66415	1.93804	62.9831
-1.94953	-0.48155	1.34041	1.70798	1.33944	61.9155
-1.81644	0.788237	-0.0932665	0.874323	-0.39146	54.5117
0.259907	-1.98507	-1.21872	1.47124	1.35829	59.987
-1.49265	0.599285	-1.7916	-0.495916	0.830751	61.739
-1.3108	-1.47303	0.615741	1.88374	-1.63522	66.2611
1.78804	0.0398594	-1.76128	0.817937	1.95803	56.4034
1.79522	0.048698	-1.30933	-1.1459	1.91317	55.8525
1.34029	-1.11548	-1.38033	-0.522711	1.4094	63.1309
0.151187	1.85907	0.669366	1.68162	1.84803	61.6507
0.378776	0.652919	-1.09913	0.745655	0.131264	52.184
0.52308	0.373846	0.404929	-1.31785	1.07037	53.2682
1.78292	-0.56835	1.01652	-1.01464	0.525656	51.6535
-0.0246129	-0.680948	1.03213	0.511373	-0.165799	47.2105
-1.57013	1.69471	-1.43869	-0.625212	0.465346	64.3436
-0.470204	1.25646	-0.736606	0.782485	0.0935954	53.0358
0.287833	-0.633657	0.562812	-1.63089	-1.68606	61.5695
-0.49005	-0.374062	-0.863714	1.45707	-1.61495	58.6171
0.789953	-0.0296865	1.94137	-1.06358	1.59851	58.0419
-0.448562	0.351684	-1.84754	1.64496	1.50961	61.9168
-0.509689	-0.879223	-0.0849643	-0.706691	1.89955	54.561
-1.58125	0.395947	-0.032134	1.39035	0.306414	61.01
-1.78636	0.379511	0.966805	0.566073	-1.35033	61.461
-1.63145	1.65233	-1.03886	-0.605792	0.045259	58.0898
-1.27704	-0.497335	-1.58521	-1.43226	1.00161	62.9486
-1.95527	1.36834	0.0435022	1.14991	1.40514	59.1463
-1.18651	-1.92466	0.613815	-0.293695	1.86993	62.2047
-1.90309	-0.738325	1.43125	-1.1355	-1.49109	57.2173
0.701749	-0.823921	-1.51609	1.81797	-1.83183	56.4658
1.27451	-1.54231	0.693736	0.746558	1.15406	55.5739
0.0767479	1.41785	-1.30685	0.0714424	-1.83242	54.3436
-0.0749788	0.423942	0.351896	-1.20866	-0.346124	55.9629
1.56877	0.155331	-1.1557	-0.62959	-1.24694	56.2286
1.82685	0.213194	0.584438	-1.48487	1.92085	65.2959
-1.80379	-0.770604	0.992916	1.82392	0.729097	59.7607
1.93129	-1.65958	1.84425	1.25364	-0.163437	64.2649
-0.662971	1.44116	0.428628	0.0472351	0.925612	56.2262
-1.28041	-0.399454	-1.76716	-1.6864	1.50119	64.1667
0.849575	0.915243	-1.93402	0.0736614	-0.939994	56.6821
-0.992338	-0.808082	1.48602	-0.0395986	0.493915	54.2996
-1.92861	-1.2524	-1.29781	-1.64129	-1.79826	60.7631
0.830858	1.55681	0.30338	0.186099	0.844406	51.0943
-1.71772	1.31151	1.40815	1.73424	-1.03001	56.3545
1.89505	0.82161	0.32902	-0.630188	0.407478	59.6078
-1.35207	-1.19175	-0.0452962	1.19589	1.19619	51.4433
-0.549071	1.77251	0.641897	0.703365	-0.274461	57.4335
-1.39612	-0.954803	-0.992476	-0.304743	-0.915154	48.3099
1.2578	-1.34606	-0.292059	0.838329	0.660101	54.3938
0.642159	0.591395	1.30477	0.124796	-1.33018	56.9447
1.61212	-1.87596	-1.79867	0.977434	-1.80137	67.5757
1.60347	-0.0705718	0.568396	-1.41952	0.323093	61.7096
-1.20302	-1.14044	1.48001	0.164043	-0.287805	57.0285
-1.81437	-0.753296	-0.989631	1.09228	0.954193	55.8842
-0.971593	-1.61656	-0.796728	1.08695	0.239245	57.7574
1.15447	-1.30189	-0.724658	0.372214	-1.27541	56.0857
-0.668017	0.656297	1.63568	-0.12079	-1.39984	56.7423
0.739877	-1.99209	-1.3756	1.69484	-1.92806	65.3233
1.39288	-0.408577	0.328309	1.64096	0.254222	54.2618
1.85676	-0.34814	0.746276	1.5752	-1.3177	64.3966
-1.12585	0.739202	1.9529	0.701394	-1.03419	56.0193
1.17632	-0.194753	0.59009	1.96761	-1.26776	51.3584
-1.67453	-0.746744	0.941114	-0.598295	1.43611	55.6303
1.48934	-1.03198	-0.92918	-1.47357	-1.07776	54.997
-0.831642	-1.03255	-1.96808	-0.206344	1.34176	53.0865
-0.898038	-0.651446	1.00416	-1.3832	0.370794	52.8647
-0.300207	-0.228756	-0.67969	0.243587	1.16667	52.6102
-0.136941	-0.970413	1.73678	0.461604	1.32045	55.781
-1.71359	1.85672	-1.45376	-0.613598	-1.63814	60.3468
-1.18407	-0.480372	-1.93805	0.156812	-0.677095	58.1974
-1.05522	-0.864812	0.780832	-1.7148	1.82732	60.6795
0.199351	-1.70833	1.71746	0.00328995	1.36405	55.8472
-0.000890196	-0.642167	-0.80758	1.86757	-1.73097	59.6436
-0.730532	-1.5287	0.231609	0.174097	-0.604223	55.7371
0.537638	-1.67228	0.593415	-0.101111	1.70241	57.5287
-1.03548	-0.513742	-0.982891	0.748443	1.50798	59.5854
-1.44851	-0.598681	-0.156642	-0.266785	0.277182	49.2427
1.36768	0.373606	1.24474	0.536595	1.47387	58.1352
-0.0370023	-0.351871	0.593033	0.9661	1.32787	48.8743
-1.03099	-0.917199	1.40461	0.840519	-1.01924	52.5374
-1.4302	-1.26565	-0.348522	0.408463	1.19586	52.284
0.997452	-0.445043	1.87779	0.0407105	0.0166744	53.5402
1.819	0.109685	-0.55232	-0.26635	0.124972	50.2192
-0.120736	0.645804	-1.87631	-0.671688	0.692689	56.5245
1.49764	0.345574	-1.44619	1.42911	1.53091	65.1288
-1.99033	0.473875	-0.449149	0.607376	-1.85641	59.8947
-1.64899	0.679984	-1.21713	1.3793	0.154408	55.8369
0.297271	-1.62439	-0.836947	-1.94014	0.508465	53.9415
0.268746	0.955347	1.29685	-0.613411	0.820385	53.4915
1.33905	-1.37779	-0.971275	-1.48703	-0.958092	54.5778
0.004361	0.347788	1.85554	-0.429049	0.725534	52.1195
0.410857	-0.78615	0.934323	0.589773	1.7155	54.6024
-0.209421	1.50938	0.552356	0.441916	-0.823251	59.5804
1.44551	-1.67616	0.117429	1.3022	-0.990805	61.5929
-0.753925	1.33402	-1.09216	-0.925648	-0.962594	53.632
0.280953	0.124146	-0.615008	-1.74749	0.877891	58.6697
1.18157	-1.03428	0.547227	1.74697	-0.650293	55.2798
-0.587259	0.0237703	-1.51401	-0.257199	-0.763402	57.3549
1.80153	-1.16134	0.267969	1.5037	0.170825	53.9074
-1.6392	0.95919	-0.450517	-0.454015	0.81375	59.7841
0.25299	0.944646	-1.97065	1.20624	1.02691	50.9365
-0.0379772	-1.24774	1.68993	-1.76488	0.680069	60.5915
-0.518335	1.97785	-0.441854	-0.69047	1.06298	56.9258
1.74244	0.301272	1.27981	1.70823	-1.58097	57.5348
0.212233	-0.87166	-1.04024	-0.960001	1.15452	52.2343
0.831603	0.181874	-1.20186	-1.51505	1.09773	49.7262
0.991896	-0.275483	0.123657	1.97939	1.49439	57.9089
-0.0415953	-0.882229	-1.4891	0.520455	1.78472	61.0438
1.84836	-0.0584388	1.06568	-1.41894	0.414112	54.9217
-1.78912	1.22767	1.09457	-1.97314	0.462127	54.0844
1.94303	-0.592891	-1.05643	1.7984	1.0786	53.4012
0.0521069	-1.79177	-1.51193	-0.995127	-0.31019	51.8439
-1.17217	-0.960057	-1.57574	1.41637	0.853775	53.2169
-0.662957	1.38886	0.571074	0.170785	-1.22086	51.2832
1.58607	0.873648	-0.554177	-1.71326	0.941219	57.8022
-0.762611	1.60617	0.814514	0.886489	1.79929	58.8122
-1.89303	0.589619	0.392851	-1.35284	-1.43192	64.5457
-0.778719	1.80439	-0.742561	-0.00436803	-0.296228	57.0527
1.87391	0.374464	-1.34852	0.223461	-1.65653	59.2352
0.315264	-1.89592	1.87447	-0.323753	-0.523891	53.289
-0.225231	-1.11609	-1.36912	1.5649	0.867675	51.321
-1.57002	0.974676	1.4027	0.67164	1.45328	55.3029
-1.83703	1.52525	1.08769	1.74909	-0.141993	60.1362
-1.53061	1.77927	-0.985431	-1.40223	0.645794	65.5002
0.8456	0.953671	-0.663365	-0.627882	-1.17491	52.0122
1.62141	0.931006	-0.00510731	-1.69713	0.815762	51.3194
-1.83557	1.1859	1.15499	-1.214	-0.380639	58.4728
0.530747	-0.896184	-0.51006	-0.549015	-1.40412	56.5796
1.8194	-1.89247	-0.756469	1.62166	0.182887	55.0526
-0.41069	0.373989	-1.9467	-0.472222	0.529707	56.6022
-1.56659	-1.19643	0.815102	0.0329027	1.53062	53.0867
1.72042	0.396952	-1.65863	1.8924	-0.680553	61.0809
1.33948	0.91936	0.833859	0.710473	1.22691	55.1479
0.805069	1.10142	0.51637	1.33897	1.13967	59.9094
1.63872	-1.5511	-1.84292	1.77898	-0.0373561	59.0798
0.29549	-0.255788	-0.480971	0.675207	-0.765081	55.7494
1.30416	1.91117	-1.11875	-1.94643	0.827328	56.6659
1.322	0.115367	1.71776	0.269892	0.393056	56.2934
-1.74476	-1.45083	-0.0457396	-1.27985	0.283928	55.0026
0.918896	-0.345963	1.66022	-0.369759	-0.84939	57.1024
-1.75975	-0.380646	-0.0328177	1.6319	0.073593	53.1684
-0.295067	-0.693092	-0.243731	-1.72504	-0.22399	51.5245
1.31313	-0.944675	1.41025	1.99479	-0.949238	58.4063
0.315842	1.00491	-0.220492	-0.150945	0.118688	44.6771
-1.14401	-1.85985	0.336727	-0.607465	-1.71084	54.9572
1.42001	0.448695	-1.68336	1.38665	-1.74975	63.0258
-1.42415	-0.521107	0.133132	0.689072	-0.705369	50.7379
-0.731483	1.64322	-1.86531	1.34659	1.44036	61.5567
-0.546548	1.68254	0.165144	-0.930851	0.979004	54.4835
-1.81243	-0.780133	1.72063	-1.29447	-1.868	63.6819
-1.30149	-1.77345	-0.523019	-0.588943	-1.32612	61.4774
1.75156	-1.48737	0.832617	-1.82349	1.53951	62.0566
0.0724753	-0.423465	1.54018	-0.510318	-1.86838	54.7063
-1.15785	0.768156	0.267361	0.472254	-1.64856	57.0902
-1.9596	-0.347806	-1.20889	0.533891	-1.5321	58.1778
0.000660101	1.50342	0.361817	-1.74457	-1.70128	58.7174
-0.739784	1.12185	0.434373	0.807803	-0.640083	51.454
0.580718	-1.67923	0.421814	-1.68807	0.170672	62.3821
-1.88814	-1.73735	0.0809114	1.48004	-1.48422	63.8701
1.05883	-1.10606	-0.777051	1.89782	-1.58969	59.5233
0.253993	-0.971094	-0.980527	-0.181966	-0.527819	50.8999
0.782637	-0.332821	-0.0724992	-1.49033	1.68045	60.5518
0.389059	0.602599	-0.0887816	1.52379	0.37142	54.826
-1.77236	1.80202	-0.693478	0.859827	1.52066	61.9676
0.946014	1.54233	1.52357	-1.30327	-0.763646	56.1739
0.548745	-1.54036	-1.51953	0.671826	1.10818	54.5285
-1.90242	-0.616053	-0.719233	-0.267911	0.18147	52.2582
0.459979	-1.56949	1.77982	-1.82766	-0.521306	65.982
-1.39034	0.441611	1.44713	0.0664571	1.60266	60.5174
-1.79769	1.82484	-0.746098	-0.430746	1.42775	64.6539
1.17491	0.533617	0.880579	0.0630716	1.49765	50.1922
0.810425	1.63201	1.38381	1.71622	1.06237	62.6278
0.779717	-1.30042	1.06198	1.95659	-1.52897	62.3429
-0.0323138	-0.635521	0.541341	0.118465	1.29989	50.5156
-0.845756	-0.952991	-0.380272	-0.9942	1.82301	50.076
1.32111	0.710982	-1.0669	-0.331087	1.44219	53.9248
1.70083	1.05695	-0.812831	-0.765809	-1.24137	55.6276
-0.894162	-1.38739	0.745412	0.23404	1.65276	59.3689
0.243491	0.176011	-1.07547	0.668323	-1.57895	57.9707
-1.52638	-1.14235	-1.72343	0.0450416	1.72754	64.6352
-0.00347696	-1.99352	-1.444	0.721138	1.07107	55.3852
-1.02646	-0.987896	-0.610238	-0.988681	-0.904478	47.5798
-0.740419	0.196684	-0.931772	-1.71203	-0.0688018	47.8124
0.590481	-1.23237	0.406474	1.45943	-1.5717	54.6593
0.701471	-0.885389	1.54144	0.965369	-0.35197	54.8439
-0.255094	-0.0336471	-0.880632	-0.94076	-0.75392	47.6751
-0.176379	1.78552	1.53678	-0.0843113	1.65937	57.7403
1.49986	1.46797	-0.386643	1.85186	-0.595786	64.3673
0.916365	-1.17932	-0.183201	-1.08395	-0.959149	47.2677
0.80606	-1.22641	0.358147	0.764598	-1.9863	56.4186
-1.57447	0.864401	-1.93608	0.643428	1.38739	63.6081
-1.79368	-0.144493	-1.04797	-0.905552	-1.58779	56.976
-1.63687	1.81227	-0.775746	-1.69553	-0.808175	57.1725
1.51106	0.144855	-0.374955	-0.19244	-1.96155	53.8519
-0.0512582	-0.700114	-1.47706	-0.231415	1.36334	51.0352
-0.332291	-0.0333454	0.994714	-1.96823	-1.13494	52.6066
1.5066	1.14728	-0.478961	-0.963071	-0.177301	55.844
-1.73698	1.6164	-1.45421	0.533614	-0.395462	64.2099
0.7355	-1.86468	-1.02178	-1.60906	0.719203	61.6057
-0.740861	-1.82829	1.34185	1.21352	-1.03147	61.7237
0.0861726	1.86692	0.748653	0.995203	-0.256333	52.6309
-0.332312	-0.966641	1.55164	-0.338587	0.720937	59.6817
1.47356	0.795937	-1.7258	1.65718	-0.54229	63.028
-1.38595	-1.59013	-0.020317	0.505237	-0.382756	56.0538
9.88891e-05	0.986528	-1.81626	-1.96915	1.21784	51.566
1.10111	0.881401	1.13436	-0.667534	-1.67683	54.7156
-0.655496	-1.57304	-1.85505	0.144901	-1.34262	60.1271
1.12524	0.188921	-1.57974	0.842595	0.385128	50.8277
-1.83049	-0.96273	-0.506972	-0.711182	-0.611044	56.523
1.65845	0.910523	-0.285296	-0.76734	-1.25219	59.5355
-1.5133	-1.83634	1.64121	-0.809882	0.0319568	54.075
-0.597399	-1.96869	-0.151354	-0.151732	1.57412	55.2013
-1.03145	-0.537358	-1.77443	-0.565934	-0.311814	55.4915
-0.11865	1.44977	1.76354	-0.957557	-0.672705	56.7907
-1.09972	-0.545468	-0.98806	-1.81076	0.018647	56.2263
1.56809	-1.92724	1.9065	1.3324	0.462623	62.4449
1.07609	-1.49316	-0.565313	1.60661	-1.96909	57.9467
0.137288	1.36313	0.775941	1.13556	1.71551	55.5465
-1.58019	-1.97936	1.49433	-0.983308	-1.06493	63.3031
0.634715	1.90242	-1.84027	0.521746	0.305597	63.6721
-0.0817638	-0.252787	1.99219	0.514808	-1.98838	52.4559
1.97238	-1.3305	-1.85793	1.47007	-1.96215	63.3661
0.268189	-0.327422	-1.53776	0.0706703	-1.30386	50.2605
-1.8734	1.15567	1.17879	0.996558	1.20861	58.5275
1.86618	-0.697368	-0.649758	-1.72213	-0.315002	53.6124
-0.491624	-1.4877	-0.265218	-1.32133	-0.483502	55.7031
1.80874	1.03173	1.02242	1.70058	-1.26301	53.2907
-0.13458	0.900721	0.0857794	-0.962992	-0.412438	48.4908
-1.74727	-0.118749	-0.464015	-1.7458	1.82525	60.085
1.57859	-1.59732	0.996483	1.49798	-0.192653	63.2442
-0.473797	-0.392406	-1.44192	-0.864874	1.03448	58.6594
-0.671386	-0.184413	1.64156	-0.170322	-0.199648	52.0975
-0.875756	-0.668504	-0.748458	0.0975496	-0.823495	54.0466
-0.183447	1.37262	1.78897	1.32316	0.470277	60.3212
-0.804487	1.16413	0.0331348	1.2964	-0.0692388	48.1672
0.187708	-0.929731	-1.46091	0.46971	0.298164	50.5063
-1.59879	-0.602621	-1.19606	0.728609	1.91426	57.328
0.541587	1.92425	-0.263828	-1.68002	-1.85959	60.3004
-1.71231	-0.97279	1.06081	-0.56278	-0.429686	55.6535
0.567257	-0.906335	1.38508	-0.548476	1.41921	62.0977
0.572693	-1.85129	0.599526	0.000484601	1.37309	60.7894
1.25669	0.5353	-0.682497	0.887073	-1.06534	57.7875
-0.917987	-1.7711	-0.413956	1.78174	1.31664	61.4874
-1.14511	-0.814157	0.0946742	-1.92196	-1.83045	52.4786
0.00407916	-0.991966	-1.5675	0.530689	-1.98678	52.6081
-1.52953	-0.624759	-0.158338	1.35893	-1.88421	55.0407
-1.95114	0.383275	1.43681	-0.121407	0.689589	56.2994
-0.556984	-0.432831	0.644338	1.65892	0.426478	52.551
-0.977168	1.34789	0.0153112	0.372707	0.217677	54.6475
1.43651	0.899487	1.96908	-0.888556	1.09455	58.5284
1.71852	0.681494	-0.454515	-1.42781	-0.667142	56.1237
0.0667365	-1.85103	1.76888	-0.307626	0.759039	59.2574
0.627095	-0.359861	-0.10592	1.78455	-0.209263	54.3801
-1.30289	0.516569	-1.71661	-1.47666	1.49482	61.5871
-0.774891	1.66767	0.886194	-1.71722	-1.36044	59.3943
-1.35634	-1.52783	-0.7783	0.819509	1.69406	61.4599
1.36267	-0.284338	0.323393	-1.10822	-0.816798	55.1431
0.639512	1.74003	-0.513764	-1.165	-0.633639	59.6093
1.70841	-0.35452	1.71385	-0.051654	-0.137404	50.5046
-0.575405	0.713972	-1.43634	0.739587	0.0929543	59.6514
-0.131644	0.481842	1.76668	-0.297614	-1.24548	60.4827
1.3915	-0.909555	0.95052	-0.150807	-0.430852	57.9667
-1.01213	-0.715097	-0.894759	-0.127165	0.678509	50.4711
-0.740102	0.039221	-0.793317	-0.745853	1.80104	50.8374
1.63672	1.68052	1.03354	1.30655	0.259118	57.0832
-1.78894	-1.80412	0.383346	1.33969	-1.97878	62.6432
-1.30163	-0.624613	1.69218	-0.126496	1.22814	58.7283
0.718152	0.492905	0.871118	1.65049	1.59066	55.772
0.730851	-1.67925	0.490078	-0.122153	1.93089	52.6781
-1.37255	1.48985	0.15984	-1.72898	0.516504	54.8955
-0.419037	-1.10037	0.135811	0.408513	1.69804	55.5735
-1.54652	0.850895	-0.812711	-0.972336	-0.735154	58.6998
1.91737	-1.63287	1.14051	-0.455135	0.685219	57.6676
0.982425	0.296788	-0.191558	-0.910862	-0.762371	55.0589
-0.506902	1.69333	-0.480391	-1.86393	0.0271096	57.5284
-1.53407	-0.830344	-0.205796	-1.99077	-0.303648	53.2908
-1.1344	1.01148	1.45159	1.41309	0.702432	53.3344
-1.28719	-1.62747	0.780443	0.777616	1.01835	56.1278
-0.598696	-1.89542	-0.722554	1.09132	-1.99551	60.9004
0.0544301	-0.195808	1.87517	-0.362951	0.0200931	46.7425
1.85937	1.31067	-0.771009	0.637281	-0.192892	52.7511
0.62233	-0.239643	-1.70368	0.619207	0.457851	59.9733
-1.02271	0.994279	0.398305	0.350816	-0.103933	52.9758
0.573294	-0.997698	-0.534782	1.07168	-0.176475	57.0243
0.740093	0.325442	1.20868	0.449685	0.549916	52.0437
1.16055	-1.50941	0.763745	1.28415	-0.646463	52.3005
-0.941726	-0.372556	-1.65914	-0.0845705	-1.80879	58.3824
-0.636589	-0.0131069	0.154465	0.278449	-1.23527	48.6498
0.761841	-1.46126	-1.24154	0.673744	0.848941	56.1534
1.84431	1.29405	0.204368	-0.255369	-1.02649	59.6407
-0.336975	1.73926	-1.55868	-0.929835	0.383626	54.4633
-1.37102	-1.84371	-0.126011	1.30777	-0.621669	54.4257
-0.294118	-0.333518	1.0319	1.4734	1.96462	59.3825
-0.282352	0.0559431	-0.366022	-1.82646	-1.592	51.8804
1.16802	0.559302	-0.64118	-1.76044	-0.576656	55.1146
1.48305	0.0439435	0.307492	1.60459	1.57573	55.2604
1.95317	-0.397133	0.0497031	-0.529427	0.77003	52.4116
-1.69823	1.6914	-0.597266	0.760897	0.620059	57.4471
-0.754141	0.614984	-0.79952	-1.72623	-1.37169	55.3983
0.942975	1.19813	0.750855	-1.02805	-0.848801	54.9479
-0.252353	1.77015	0.740067	1.72361	-0.880822	56.3062
1.8773	-0.0637362	0.869817	0.948045	0.811055	53.7641
-0.103279	-0.236161	-0.502258	-1.69632	-1.35756	52.1841
1.83645	0.649899	0.590312	0.257342	1.16899	57.1707
-1.99775	1.78852	-0.905487	-1.50517	-1.74067	56.6883
-0.268785	0.529306	0.729069	-1.61297	-1.89505	61.7736
1.39807	-0.486113	1.25144	-0.871295	-1.59277	62.5448
1.30653	0.0800991	0.720945	0.0926614	-0.421725	52.1191
-0.42058	-0.108595	-0.508216	-0.66104	-1.22768	56.5764
0.102839	-0.490754	-0.992704	-1.28152	-0.436416	49.1175
0.203934	0.412769	1.44614	1.03407	0.456653	54.5277
1.78754	1.39992	-1.30647	-0.314332	-1.55989	60.4069
-0.0779154	-0.020531	-1.388	0.855935	0.139565	54.8448
-0.281724	-0.418935	0.751742	0.823431	-1.59485	59.9229
-0.346919	-0.492565	0.197351	-0.582948	-1.4461	51.9772
0.824166	-0.8848	-0.652007	-1.18923	-0.0057619	48.23
0.429327	0.071464	-0.730702	-0.627905	-0.688308	51.203
-0.0670524	-0.916173	1.85755	0.88191	-1.91568	54.192
1.84271	1.99025	0.595305	-1.49528	-0.864502	64.5345
-1.42948	1.6396	1.86257	1.67823	-1.71938	63.5288
-1.15087	-0.203768	-1.20518	-0.343109	1.53688	54.0058
-0.512462	-0.0300681	-1.91802	1.23524	-1.48824	58.3095
1.84782	-0.00544855	0.184474	0.344222	-1.05385	57.0245
1.98283	-0.712249	0.537924	-0.593569	1.93459	54.235
-1.40493	-0.518172	0.32663	-0.529246	1.03769	53.2004
1.67536	-0.877136	-0.510552	0.631372	-0.804491	55.9584
-0.018249	-1.72683	-0.599802	-1.87805	-1.87357	63.6331
0.517701	-1.91338	1.2392	0.766063	-0.631974	59.38
0.556646	0.234922	0.685513	-1.09803	-1.56713	51.9215
-0.484758	1.0819	1.44069	0.0641152	-1.3179	50.7527
-0.141231	-0.485219	-1.33007	0.183954	1.1852	54.5804
-1.13389	0.797561	-0.897551	-1.49805	0.978626	58.5116
-0.0430847	-1.60887	1.04504	0.193384	0.260952	56.0248
-1.39732	1.94994	0.564966	1.88073	0.125005	54.2372
1.96912	-1.456	-1.7135	1.60734	1.16329	66.5083
-1.766	-1.06554	0.203613	-0.293875	1.1339	51.8105
1.99961	-0.749863	-0.809492	1.93467	-0.369323	55.7707
-0.526396	0.123569	-1.9724	1.58085	-0.1384	51.72
-0.15763	-1.2562	-0.680028	1.24331	-0.523888	51.4636
-1.91723	0.29948	1.18847	-1.34928	-0.329165	60.6629
1.38957	-1.26843	0.107172	-1.88019	1.5625	55.6369
-1.34563	-1.88016	-0.0953359	-0.69374	-1.23047	53.1887
0.0659612	-0.518058	1.58071	-1.94468	1.21361	52.6085
-0.649125	1.41738	-1.45913	-0.277812	1.65101	60.5466
0.87852	-1.47358	1.39642	-0.027688	1.96517	54.3829
-1.23841	-0.706326	-1.87886	-0.224816	1.07	60.1352
1.05649	1.32123	-0.915019	1.55771	1.5523	60.8225
1.3835	-0.261748	1.19665	1.70812	1.68529	63.3325
1.96207	0.589775	-1.98801	-1.43006	0.805159	54.859
0.79824	-0.488002	1.07597	1.20109	1.18972	51.3278
-0.791965	1.22613	1.06475	1.55005	0.769022	56.3192
1.65325	-0.147609	0.802189	0.593289	-1.53603	56.4153
