1.83719	1.80997	1.44675	-1.36369	-0.0173241	60.9243
1.7064	-0.146768	0.928203	-1.93527	-0.180529	57.198
-0.391023	-0.158562	-0.603502	1.89274	-1.73211	58.6324
-1.58607	0.304545	-1.31203	0.654644	1.6491	63.2179
0.6029	-1.1914	1.36931	0.921863	1.91213	56.9748
1.05555	-1.54304	1.83975	0.00136501	-1.18104	54.654
1.30972	0.333007	1.1274	-0.850281	-1.65005	51.6057
1.78053	0.799176	0.343038	-0.838628	1.67957	61.4262
1.5854	-0.079251	1.38138	-1.34386	-0.302434	60.2377
0.505201	0.00953656	0.390096	-0.940821	-0.235415	47.5202
-1.63408	1.42828	0.917024	-0.873746	-1.98548	60.4432
1.10958	1.78623	0.254876	0.972975	0.2729	56.9203
0.371476	-0.120063	1.11189	0.343626	-1.07373	52.5501
-0.128136	-1.3813	-0.0444484	-1.20703	0.0823042	53.3877
1.83595	0.0414161	-0.575963	0.195407	0.801779	53.137
-1.82592	1.91364	0.511714	-1.55492	0.512991	65.8674
0.841174	1.45065	-0.733443	1.43221	0.739345	61.4602
-1.91681	-1.92238	-0.193357	-1.58777	-1.81202	62.8168
0.54061	1.44263	0.00366931	1.51275	1.13	52.0107
1.33236	0.28048	-0.268447	1.60832	1.18241	55.3642
-1.89062	1.66457	-0.285115	0.314601	-0.610148	53.3782
1.56585	0.428234	0.450859	-0.0843009	-0.488456	57.6666
-1.0736	1.81568	0.642117	-1.73771	0.0971119	60.4329
-1.49722	-1.74783	-1.6729	1.84416	-0.642401	57.745
-1.22136	1.73269	-0.466129	1.38764	1.6292	57.3319
-1.82656	1.33215	-1.00995	1.14677	0.0977628	52.8644
-1.83301	1.57636	0.782598	-1.51284	-0.62475	65.2986
0.496738	1.08581	-0.380468	-0.347998	-0.463578	52.1574
-1.77297	-0.194171	0.190653	-1.8465	0.570768	60.9487
-1.92716	1.34498	-1.40588	0.851113	1.39653	58.4369
1.79098	0.427747	1.3788	0.957352	0.256746	52.1824
-1.12862	0.768097	-0.768966	1.56791	-1.00352	57.6532
1.40348	-0.868974	0.531308	1.50407	1.98889	56.7287
0.496183	-0.669227	1.85109	1.54018	0.832859	55.6222
0.0943412	1.47075	1.51288	-1.81341	1.69807	65.4187
0.770543	1.87315	0.678698	-0.342114	-1.91614	62.8275
1.85669	-0.99778	-0.486477	1.13735	0.467282	58.1313
1.07304	-1.91205	1.11213	-0.881244	-0.560206	57.0128
0.0799527	0.453366	-0.973749	1.48555	1.06636	55.2905
-0.744942	0.314336	-0.137855	-1.95974	1.64785	52.672
-0.675633	0.906793	0.775153	-0.970634	-0.0810957	51.945
0.0524183	-0.449706	0.0883448	1.09661	-1.43183	47.9644
0.839127	-1.88538	1.27653	0.0938595	0.779894	57.6329
-0.278418	1.81314	-0.132581	-0.69928	-0.814239	53.5737
-0.390258	-1.25633	-0.312754	1.52512	-0.461681	52.9201
0.555026	-1.31478	1.44215	-0.617734	1.24913	62.0161
-1.18772	0.72441	0.148213	0.706994	1.23577	52.8105
0.66862	0.885941	1.81527	-1.02919	1.08219	53.1565
0.255164	1.73515	-0.884245	1.86442	1.69514	58.6727
0.366642	1.91179	1.73306	1.20542	0.738963	57.9246
1.64328	-0.965582	0.162696	1.05342	-1.90075	56.864
1.09372	0.591902	1.42136	1.55917	-0.588585	61.3722
-0.807319	0.224273	-0.924156	-1.91561	1.19299	58.8967
-1.81049	-0.438664	-0.610832	-1.37664	1.85842	64.8417
0.378096	-0.84381	-0.876135	1.67258	-0.64517	58.137
-0.674129	0.31331	0.387653	-1.321	1.32357	56.1176
0.427152	1.49376	0.565016	0.344502	-1.72744	55.196
-1.40742	1.3071	-1.93502	-0.107728	0.157196	58.665
-0.613278	0.632481	1.81341	0.835231	0.686865	52.7833
1.96573	-0.245987	-1.97187	1.27278	0.607708	55.801
-1.9278	-1.98729	1.5943	-1.02572	0.965806	53.8377
-0.605376	-0.859874	-0.583147	-0.782317	-0.852736	53.0003
-0.139684	1.95129	-0.967993	1.32439	0.501071	57.3168
-1.57831	1.79861	0.366946	0.586861	-0.616288	59.4355
-1.12249	-1.52895	-1.42213	0.167262	1.02664	60.8767
1.62224	-0.448226	1.87184	-0.445179	-1.93281	64.9496
1.28343	1.278	1.92567	0.921913	1.85049	64.6166
-1.20486	1.49341	0.623623	0.244907	0.05971	56.2426
1.08477	-1.91953	-0.0426714	-0.0795437	1.47673	52.2827
-1.46781	-0.0423889	0.814167	0.803247	-0.276896	57.2436
-1.85973	-1.0187	0.186189	-1.89262	-1.75753	60.6884
1.03721	0.0833363	-1.29079	-0.180491	-0.672877	51.1749
1.89088	-1.80311	-1.21083	1.41309	0.853925	60.5197
-1.30153	1.50917	-0.260671	0.347289	0.221357	54.8678
1.27464	1.74129	-0.337218	-0.144284	-1.05491	54.5258
-0.307661	1.85044	0.938744	0.81877	0.878192	50.3269
-1.36658	-1.98901	0.36559	-1.05687	1.72447	63.1825
-1.33871	-0.447652	-0.529739	-1.14784	-1.14773	55.0446
0.0723037	0.581791	1.73345	1.90576	-1.56252	55.4206
0.0760149	-1.39363	-0.541193	1.25987	-1.59774	59.8674
-0.835952	-1.05773	1.43184	0.104587	1.92148	54.2517
1.6505	1.09047	0.636913	0.373701	-0.923247	56.6315
1.85209	1.12335	1.36024	0.20306	0.0573889	53.0458
1.83856	-0.203203	1.41597	0.0885833	-1.87417	52.2707
1.48859	0.134617	-0.160147	1.26458	-0.875228	49.5029
1.29502	-0.460673	-0.682513	0.129239	0.902822	53.3398
0.875467	-0.335922	-0.679119	-0.0549393	-1.05041	50.7912
-1.15473	0.207616	1.2021	-1.73719	0.658319	56.3325
1.15117	0.265669	1.26793	-0.053113	-1.47993	51.5802
1.19363	-0.341773	0.0231876	1.06714	1.70251	50.3782
0.0369732	0.90395	-1.97612	1.25752	0.806841	54.4069
-0.158146	-0.996118	-0.303658	0.293096	1.17722	55.8
-1.41681	-0.648486	1.84342	-1.97978	0.757656	58.984
0.44394	-0.127667	-1.68839	1.46635	-0.912826	60.2
0.861971	0.0292881	0.923521	-0.895785	-1.0251	50.627
0.259896	0.184298	0.01912	1.19861	-0.377776	52.7814
-1.04708	1.53903	0.880793	-1.01684	1.17064	50.0974
1.35265	-1.80116	0.724527	-0.870086	-0.553008	59.0874
-1.19093	-1.28882	0.313553	0.87241	-1.21555	50.3918
0.224958	-1.90047	0.935874	-1.8778	-0.165158	57.1757
-0.441426	0.752833	0.289078	0.917371	-0.194458	52.7062
0.172813	-0.912496	0.206559	1.23973	1.29797	53.2985
0.299075	0.464902	-1.08651	0.514261	1.87876	58.2151
-1.64218	-0.087886	0.771242	0.503321	-0.622441	51.4296
-0.94295	-1.33345	-0.567478	0.747836	-1.97087	61.4939
0.0489584	-1.3097	0.337809	-1.4927	-1.76274	56.283
1.13235	-0.182175	-0.579058	-1.71012	0.437469	54.6158
0.710965	-1.89109	-0.947933	-0.584094	-0.909037	56.879
-0.554723	-1.92346	0.291399	1.00343	-0.336254	57.7924
0.757942	0.660101	-0.649382	-0.46364	-1.58844	57.0699
-0.644401	-1.97884	-0.538395	1.35809	0.224234	57.0025
0.424858	0.0522604	-1.3163	1.20247	-1.35103	56.9512
0.0411207	-0.977271	-0.394398	-1.06906	-1.81038	57.3331
1.42594	-1.12282	0.93115	1.23819	1.76851	52.6896
1.76427	-1.84039	-1.59312	1.06742	1.1313	55.2672
0.2846	-0.391914	1.47585	1.08776	1.89909	54.0757
-1.67802	0.792439	0.763167	1.92838	-0.258831	53.0636
0.895834	0.49916	1.74672	-1.54035	-0.372751	58.5067
0.777628	1.50704	1.25475	1.38792	1.96987	62.7199
-1.34302	0.610729	-0.60984	-0.252454	-0.0208502	51.5781
0.952358	1.52346	-1.75958	-1.62075	0.00433696	60.41
-0.735493	-1.98223	0.463714	-0.308331	0.807192	54.9548
-0.671124	1.44563	1.74104	1.46851	-0.212861	55.1969
1.50634	-0.681077	-1.31384	-0.935908	-1.49188	54.0984
-1.19852	1.4678	0.783372	-1.34652	1.40947	59.2716
0.447894	-0.586839	0.0309666	-0.203305	0.574386	54.9584
0.802207	1.94298	1.97674	1.31543	0.679454	61.4626
-1.21089	-1.07796	-1.50118	-1.20861	-1.77464	54.828
-1.04016	0.538547	-1.04169	0.550267	-1.50725	58.8187
-0.23692	-1.37693	1.2032	-0.17904	-1.34725	51.2744
1.13461	-1.04522	0.647943	-1.11194	1.45929	52.0248
0.534155	-0.214695	-1.42053	1.49457	1.55791	55.1269
1.57479	0.146906	-0.721281	0.717647	1.89774	57.0072
-0.667268	-1.44671	-1.02787	1.89965	-0.482106	55.1744
1.86878	-0.88409	-1.08178	-0.743817	1.46627	61.9859
-0.663845	-0.647942	0.0409767	1.72039	1.21617	53.2046
0.719917	-0.226475	-1.72116	1.56299	1.37323	64.4797
-0.677595	-0.122014	-0.542813	0.435603	1.25801	54.7357
-0.344078	0.705854	0.842149	-0.806611	1.91789	58.5511
-1.8572	-1.36196	1.73922	-0.91445	-0.653204	63.5528
-1.31645	1.28641	1.13934	0.390885	0.497348	60.8313
0.0454915	0.530408	1.58526	-1.97432	1.87426	64.1506
0.412431	1.81206	1.9442	-1.62181	0.420579	61.7848
-1.53304	1.34604	-1.21773	1.14641	-1.64126	65.9049
-1.84624	-0.091786	-1.72147	0.980575	0.0156201	54.126
-1.67818	-1.1849	-1.30354	1.94428	1.38621	58.0972
-0.0147107	-0.933868	0.0473775	0.47004	0.932801	50.6442
-1.07799	1.95984	-1.06883	1.51473	1.24682	59.9579
0.696112	1.96316	0.544335	-1.34738	0.154709	52.829
1.15295	0.463716	-1.42683	-1.47579	-0.749517	60.9533
0.456582	1.99341	-1.14223	-1.56864	0.454357	64.1075
-1.47749	1.43351	-1.77326	1.29842	1.4089	61.3937
-0.245533	1.66067	1.85689	-1.93589	-0.468009	55.3607
-0.412144	0.181606	-1.14849	-0.798952	-0.757608	56.4009
-0.425846	0.905702	0.458088	1.87439	1.56062	57.2454
-1.68127	-0.711345	0.0581879	-1.68834	-0.539592	55.8234
1.99245	0.93328	0.265721	0.833074	-1.603	57.7939
0.0870422	-1.12494	1.98555	0.571017	1.00401	51.1998
-0.882484	0.424262	-1.90133	-1.47999	1.79697	62.4312
-0.564553	-0.63826	-1.39298	-1.2503	-1.34841	59.5663
-0.993776	1.67702	1.67784	1.47449	-1.39233	61.7524
-0.613844	1.464	-0.571637	1.09958	-1.5668	64.5752
-1.6845	0.128666	1.40383	0.577078	1.82659	58.8543
-1.33615	-1.74679	0.665899	1.0563	0.683704	62.5326
-0.0230333	-0.899941	0.0576957	-0.752159	0.304446	49.5513
-0.844696	-1.09469	1.11478	-1.92901	-0.348757	58.8998
1.55441	-1.12121	1.3829	0.556327	-0.863543	54.4112
-1.72497	-1.83712	0.716344	-0.267092	1.26658	58.5964
-1.92832	-0.768587	0.502406	1.88836	0.96874	55.0121
-0.745294	1.42073	0.853383	-1.46275	0.509174	57.9753
-0.281981	-1.86759	0.385313	0.411627	-0.536295	57.9626
0.666031	-1.63553	-1.18545	1.59897	-1.77926	64.1097
1.65068	0.977732	1.61232	1.4382	0.0470884	63.3691
-0.420428	1.69871	1.63826	-0.431015	-0.736324	59.3077
-1.86756	-0.0876437	0.162368	1.55694	-0.147289	53.7116
-0.671346	-1.92977	1.98031	1.74016	-0.0674152	54.1484
0.368648	1.48654	0.246389	1.5964	1.17712	60.1238
0.683726	1.94004	0.538846	1.69036	-1.33597	56.2548
-1.1207	-1.22368	0.866617	-0.0147768	1.45456	56.1857
0.0548932	1.97546	-1.22505	0.31703	0.42195	52.6947
1.69702	-0.192217	-0.252958	-1.22259	0.455245	58.7901
1.67713	-0.384904	0.54618	1.75556	0.265647	58.6249
1.51476	-1.59613	-0.961872	1.77762	-0.765339	63.6969
0.7895	1.16897	-1.0994	0.221968	0.435687	53.1639
-1.02471	0.167273	-0.773213	1.70926	-0.708644	51.8205
-1.73654	-0.174606	-0.600139	-1.91743	-1.11044	51.975
-1.1326	-0.0381748	-0.945478	0.269378	-1.42302	49.5349
1.99352	0.781376	-1.2041	-1.82282	1.06416	62.837
-0.0588799	-0.419031	0.079116	-0.947717	-0.303238	49.6193
-1.03237	0.373827	-0.941208	1.23189	1.29702	52.631
0.230349	1.10145	1.49775	-1.05636	1.36011	52.8735
1.65794	1.34667	0.161344	-0.796304	0.350298	55.674
1.66141	1.81031	-0.575136	-1.62874	0.627311	64.9432
-0.760867	1.80833	-1.80587	1.52422	0.425735	57.6894
1.0753	-0.924826	0.945566	1.61692	1.03898	49.3569
-0.865719	0.479735	-0.850807	0.556518	1.17399	57.8931
-1.86944	-1.5537	1.55502	-1.24014	-1.14314	61.0732
-1.28063	1.47989	-0.361421	-0.737169	-1.48204	63.1785
-1.25763	1.03429	1.90742	0.50091	-0.778083	55.6439
-1.54618	-1.79146	-1.27883	1.9259	0.270493	61.1333
0.677273	-1.10872	0.0921139	0.972088	-1.54857	53.2987
1.47651	0.0266648	-1.04112	0.142121	0.92619	50.6244
0.988467	-1.24407	-0.437124	0.921209	1.50674	50.8165
0.828554	1.92429	-0.0602626	1.05926	1.09734	55.8377
-1.45984	-0.105322	-0.351004	0.965718	1.20372	53.0726
1.73026	0.633177	-0.925781	-0.968838	-0.63428	59.0393
0.353622	-1.88892	0.596494	-0.412359	1.06562	60.9878
0.0103825	-0.96937	1.36644	-1.35436	-0.847438	54.0831
0.764144	-0.318097	1.7081	1.14892	1.24156	53.5841
-0.259224	1.15131	-1.11289	-1.63587	-1.53375	52.7914
-0.869315	-1.68502	0.365318	1.81995	-0.796244	57.9146
1.98461	-1.94393	0.753355	-1.23965	1.9252	58.7982
-1.07245	0.105916	1.64287	-1.24429	-1.93919	53.144
-0.546118	-0.929417	1.31536	-0.0633619	-1.52835	50.7314
0.800264	0.950893	0.511416	-1.97838	-1.17884	59.8544
0.416719	0.659397	-1.53318	-1.68117	-0.233107	58.5365
0.0219675	-1.95753	1.38497	-1.39191	0.313745	54.2843
1.64503	-0.438309	-0.536744	-1.36996	0.592699	58.257
0.343108	-0.0398251	-0.698338	1.65324	1.68123	57.059
-1.79952	-0.710137	-1.47307	-1.51462	-0.494522	58.3051
0.92317	-1.15962	-1.57945	-0.811019	1.40236	60.6468
0.0660579	1.65675	1.13801	-0.943751	1.04127	52.5742
-0.14921	1.15461	0.178077	-0.0141347	0.527296	54.067
1.97414	-0.381861	0.552089	-1.30175	-1.58822	61.6402
-0.44585	-1.77896	0.576575	-0.578486	0.846845	51.6017
-1.35879	-0.805976	0.807235	1.94416	-1.45184	60.1655
-0.9985	1.86787	0.730597	-1.91701	1.97666	59.1924
-1.77532	0.17253	0.580607	1.72916	-1.58445	62.6709
-1.75805	-0.788946	-1.91126	1.3919	1.45131	58.2801
-0.181272	1.40766	1.87187	1.14284	-1.42557	61.2045
1.92866	0.969676	-1.44412	-1.47534	-0.613752	57.694
0.383896	1.96766	-1.15308	1.5703	0.761445	53.1627
0.0512796	0.565305	-1.02088	-0.454845	1.9012	51.0509
-0.759548	-0.499549	-0.569294	1.57744	-1.01229	60.3451
1.03966	-1.41338	-1.83948	1.53476	0.569299	56.7554
-1.79559	-0.732601	-0.335565	-0.331939	-1.32216	57.5708
1.65639	-1.36354	-1.1136	1.09095	1.79478	64.952
-1.11804	-1.57525	0.87326	0.890309	1.03298	53.5164
-1.19541	-1.29043	-1.49411	-0.604404	-0.228847	53.3062
0.222719	-0.706379	1.15196	-1.83596	0.203851	57.7908
-0.137387	0.0484462	0.435832	0.110674	1.3207	47.3792
0.636574	-0.818311	-0.364484	-1.04023	0.171893	50.7409
-0.743217	-1.03772	-1.16315	-0.330016	0.801453	54.0226
-1.2997	-0.845262	0.447065	0.664987	0.00856602	53.7778
1.23304	-1.47719	-0.842029	0.569554	1.13171	54.8853
1.3654	-0.874572	0.388823	1.30347	-1.43992	62.0481
-1.45691	1.11528	-1.17601	0.938408	0.843078	55.1753
-1.46457	-1.73206	0.139449	0.0578871	0.6091	51.9182
1.40067	0.353685	-1.69269	0.291793	-0.437572	58.1826
0.458398	-0.76752	1.74231	-1.95074	1.6329	56.0554
-0.80415	1.42804	0.930565	0.587864	-1.93386	58.378
1.47007	-1.24927	-0.746239	1.67075	-0.226768	57.2859
0.488693	1.76277	1.01561	-0.571091	-0.205145	54.1859
-0.845095	0.217759	-1.14544	1.02359	-1.01227	54.3405
-1.60037	-0.334962	-1.85779	-0.139673	1.29103	61.0227
-0.329316	-0.539662	-1.63399	1.93142	0.776359	59.0268
-1.18344	1.83786	0.762462	-0.594484	-1.81668	58.4267
-0.9833	-1.75437	-0.410888	0.447338	-1.81271	52.8589
0.452031	-0.16851	1.81333	0.325611	-0.660197	50.1705
-0.209601	-0.425231	-0.302082	0.205815	0.0444731	54.5949
-1.24316	0.0603812	-0.822622	-0.0155194	0.342061	52.5013
-1.13383	0.406745	1.23705	0.307866	-1.36793	60.5481
1.42217	0.280151	0.164035	0.746265	-1.47093	53.5916
-1.41081	-1.50502	1.51971	0.0653326	-1.25852	64.9389
-0.924395	-1.66827	1.84014	1.57155	-0.370498	61.4893
0.261979	1.38378	-0.806003	0.277219	1.79624	54.6068
-0.0463525	0.335292	0.352941	1.81979	0.873033	53.3454
0.432695	-1.48103	-1.56469	-1.81671	-0.699892	59.5048
-1.84824	0.0762046	1.4872	-1.37149	0.657179	58.7189
-1.85918	1.84649	-0.686826	-1.05039	1.34641	63.1903
-1.87257	0.529762	-1.08861	-0.81014	0.841316	51.0217
-0.433279	1.07803	-0.590751	-1.3415	0.0857067	54.0641
0.788726	0.958694	1.6781	1.11122	1.22877	58.7583
-1.17508	0.915299	0.623069	-1.34343	0.447382	57.7324
0.8445	-1.61535	-1.17325	0.728826	-0.729789	51.8452
-0.233342	-0.494069	-1.2872	0.195203	0.266888	48.1932
-0.824725	-1.5796	-1.83922	-1.11752	-1.70021	63.1672
0.21454	-0.57525	-1.39502	-1.05093	-1.27425	50.699
-1.74155	1.5258	0.349613	-1.86971	-0.368309	61.3414
-1.03375	-1.12607	-1.54947	-0.240861	0.150783	55.0527
0.84681	1.32444	0.26513	0.28987	1.14091	55.6571
-0.490198	1.17725	-0.398133	0.710269	0.205534	49.9052
1.77622	0.141894	-1.93748	-1.01858	1.91048	55.1581
0.208619	-0.507451	-1.35788	-0.655279	-1.30698	57.6937
-1.08478	-0.0554118	0.182519	1.15351	-1.72151	55.5479
-0.243645	-0.00369283	0.408603	-0.0882879	-0.814805	52.9135
0.890225	-1.94798	-0.85949	1.72628	-0.794924	60.4061
1.10809	1.44152	-0.724427	-0.997638	1.25337	60.7492
0.138176	-0.990922	1.26635	0.687289	0.418492	49.2581
-1.11162	0.561738	1.26146	-1.71293	-1.1318	60.0032
-1.15946	-1.39883	1.96407	-0.386475	-0.0202202	58.6186
-0.58653	-1.42486	1.5308	-0.880103	1.07659	57.7631
-0.588628	1.84766	0.205802	1.41297	-1.16255	62.0801
0.480254	-1.48065	-0.0482446	0.0455961	0.486366	53.7315
0.531585	0.871055	-0.437786	-0.824128	0.187314	49.7135
1.07343	1.90946	-0.082029	-0.41825	0.513202	53.4127
1.55214	1.00519	1.42756	1.11922	-0.977731	53.9496
1.87396	-0.243839	1.33732	-1.28143	0.0738372	58.8938
0.561449	-1.88741	-1.08395	-0.322737	0.785305	52.5321
1.43703	-1.85948	-0.912917	0.807988	-1.97583	54.2817
-0.103399	0.736163	-1.23104	-1.34959	-1.79195	58.2953
1.36731	-0.677817	-0.825315	-0.810551	-1.19449	50.6325
-1.02245	-1.12167	1.32232	1.62204	1.30954	54.136
-1.46274	0.0152558	-1.67561	0.422687	-1.95589	55.1509
0.545616	0.212923	-1.14233	-0.382992	1.59605	52.0887
0.657562	1.44215	-0.843562	0.961977	-0.0450934	53.1482
-1.90193	0.335321	1.74247	-1.50083	1.07069	59.4038
0.0290778	-0.81113	0.605767	-0.899163	0.602042	47.4916
-1.50276	-0.512073	-0.162865	0.307744	-1.01952	59.4268
0.569269	-0.362498	0.554917	-1.56276	-0.338683	53.2608
0.50511	1.9447	1.93924	1.5582	-1.42945	57.5461
-0.504298	-0.84877	0.903371	0.921532	-0.129648	52.2072
-1.00722	1.61477	0.534125	0.124189	0.747029	58.3342
1.2459	0.4105	1.11215	0.00235728	-1.85053	56.4957
1.07331	1.38649	-0.0623723	1.6677	1.74647	55.4444
-0.0767849	1.81969	1.61881	1.51091	0.357436	55.2374
0.00755038	0.070292	0.017059	-1.10729	-0.59972	47.261
-0.466283	0.153766	1.84148	1.26267	1.54492	57.9335
0.560853	1.69469	1.64065	0.728117	-1.28144	54.8607
-1.56301	-0.300452	1.31587	0.950278	0.181228	53.2481
-1.2127	-1.31863	-1.08798	0.615316	-0.823114	60.0474
-1.81852	-1.35888	1.29583	1.7061	0.39106	56.5268
1.656	-0.393329	-1.84878	0.425642	0.620946	61.0362
-1.03241	1.99494	1.29132	-1.81254	-1.37875	64.7543
-1.15057	0.905731	1.53083	-1.80564	0.299783	56.2224
0.894953	-1.68462	-0.122145	-1.17582	-0.606238	56.2684
1.97969	-1.5542	-0.532232	-0.0253737	0.729719	52.6435
1.4872	1.6074	1.8192	0.134375	0.977613	62.3076
-1.10786	1.68145	1.92896	-0.918366	-0.38103	56.2154
-0.764019	1.06231	-0.597268	-1.33218	-0.293059	55.0422
-1.87512	1.82246	1.04123	0.0462613	-0.638149	55.9053
-0.336435	-0.789033	-0.745281	1.21127	-1.01302	52.3221
1.10686	-0.0818082	-0.743837	1.85079	1.54809	56.355
-0.694729	-0.624822	1.35475	1.92517	1.72009	57.3122
0.320941	-0.976255	0.137456	-0.719516	-1.72284	51.0279
-0.688134	-1.46953	0.034276	1.02727	0.192761	57.5228
0.389477	-0.31707	-1.73146	0.928265	-0.733297	50.1846
-0.256774	0.982692	-1.59632	-1.89193	0.273856	57.041
0.741026	0.397879	-0.483095	1.95868	1.11011	51.6349
1.15334	-0.0938185	0.775706	-1.97515	1.41049	56.6881
0.36745	0.151563	0.00418186	-1.58815	0.851959	51.1696
-1.94697	-0.339403	0.0902362	0.38941	-0.464514	52.5782
-0.837428	0.856722	-1.43963	1.14025	-1.10844	50.6004
1.67315	0.148663	0.320279	1.57846	-0.837037	54.5033
-1.08881	-1.95575	-1.84414	-1.75467	-0.515141	54.9223
1.65057	-0.619055	-0.540597	0.799297	-1.76463	53.7278
-0.391587	-1.39899	-0.48154	0.0405661	0.925453	58.7684
-1.31349	1.89645	1.16803	0.532637	-1.93657	62.8715
-1.92063	1.72182	0.291197	0.686337	-0.417677	54.7045
-0.167716	-1.15525	1.97683	-1.53643	-0.711993	55.0119
0.969364	-1.71708	-1.76668	-1.00588	-1.3861	64.1103
-1.52024	0.909443	-0.381178	-0.740103	-1.53668	55.7874
-1.52999	0.461011	0.367313	-1.63488	0.99677	61.5734
-0.945168	1.93668	-0.711649	-0.816984	-1.89218	61.113
-0.0670479	-1.11362	0.198914	1.13697	1.17583	47.8218
-1.44448	-1.34763	1.13095	0.807461	-1.39131	61.9786
0.122095	-0.188421	-1.9935	-0.165667	1.82079	54.8784
-0.908513	0.0277991	-0.25235	0.327272	-0.261381	46.3085
0.534571	-1.46747	-0.163312	0.696297	-0.601601	58.6785
0.821628	-1.24305	1.44566	-1.78116	-1.27252	64.2731
-0.264055	-0.0102781	-0.231029	-1.61909	-0.597169	53.6249
1.39577	1.24942	-1.81542	0.497811	1.89138	66.7558
-1.6739	0.23675	0.279255	-1.7283	-0.348816	58.4686
-1.76833	1.20237	1.58614	-1.61161	1.87946	63.0659
1.72933	1.85708	1.22082	0.685243	-0.530012	59.9761
-0.942002	0.748222	0.436281	0.710884	1.43762	56.4824
-0.948809	0.0309844	-0.806704	1.35759	0.823827	49.3747
-1.28116	-0.737724	0.862061	0.975717	-1.35691	53.8806
1.46521	1.32305	-1.30936	0.61716	0.546518	57.9804
-0.0663335	-0.258667	-1.24549	-0.751625	0.989629	51.7832
0.302076	-0.891803	1.76517	0.0834933	-0.339217	52.7067
-1.55065	-1.66146	-1.76275	-1.05277	1.1628	57.0242
0.696276	1.01516	0.442243	-1.65453	-1.83366	61.0513
-1.13833	0.882724	-0.951054	1.54567	-1.12314	57.8068
1.97876	0.935753	0.50541	-1.00128	-1.04729	56.9924
0.653208	0.67377	-0.867776	-0.382621	-0.0358886	52.9428
1.66763	1.0391	-1.17555	-0.0609833	1.76027	56.4268
-0.209375	1.06239	1.72503	-0.816032	0.379186	53.1747
0.604495	-0.876524	0.466285	1.68321	-1.13412	58.5192
-0.031338	0.9016	0.574458	1.95293	-1.97775	54.8991
0.546729	-1.70186	-1.51028	-0.450401	0.0939491	60.965
0.585243	-0.185005	1.36052	1.12367	-0.50159	54.5804
-1.41925	1.69019	-0.33263	1.04439	-0.314922	54.4769
1.38233	1.5941	-1.29304	1.62573	-0.266518	60.2521
-1.14473	0.772311	-0.26896	-1.92012	-1.61885	54.0583
1.00098	0.420067	0.888046	-1.75093	-0.957677	51.3885
1.55576	-0.357059	-1.82953	1.43778	-0.0462644	62.5549
0.582607	-0.893793	1.03548	-1.24123	-1.36666	57.5542
-0.539176	-1.1138	1.87657	-0.121154	-0.792905	53.6645
1.32916	0.776583	1.35711	0.892779	-0.00626359	56.8701
1.46878	0.668544	-0.501672	-1.15559	1.71309	61.0454
0.114072	0.391498	-1.36014	1.58388	-0.607805	59.4864
-0.904708	-0.230637	-0.824968	-1.2886	-1.73848	55.6977
-1.74106	-0.966407	-0.887221	0.0366798	0.89307	54.7199
-0.00806361	-1.52885	-0.975134	1.34173	0.025285	49.8888
0.217232	0.172621	-1.51568	1.79994	0.505267	56.3148
0.140367	-0.655487	-0.516188	-1.95173	1.75876	55.2266
0.713563	-1.43524	0.349803	-1.01525	1.50986	56.5819
1.66689	-1.04174	0.54517	1.05661	1.41039	57.6677
-1.83482	0.476267	0.768201	-1.55185	-0.544306	57.9804
-1.97577	1.64093	1.91085	-0.205894	1.83738	57.9678
0.491416	-0.365496	-0.735417	1.99016	0.875988	51.2331
-0.365907	-1.71257	1.0788	0.0261993	-0.365752	56.2246
0.873899	0.532674	-1.27854	-1.17046	0.415047	57.2636
-1.13969	1.59594	1.37646	-1.14154	-0.165193	59.673
1.98673	0.643614	-1.49339	1.48382	0.82307	55.1867
-0.537766	-0.615602	0.30215	-1.84859	1.55033	53.6823
0.681128	1.39668	-0.00276993	-1.11722	0.652708	51.4312
-0.907129	-0.579893	-0.675434	0.960893	1.68694	55.2941
1.34055	-0.0404888	0.796656	0.728589	0.585386	54.1183
-1.12778	-1.15846	1.91209	-1.68446	1.13168	61.503
0.480347	1.83139	1.15183	-1.489	-1.39673	55.3265
-1.07767	-1.53425	0.530629	-1.14555	-0.325046	59.5021
-0.832913	1.17903	-1.33324	0.432464	-0.77892	57.7041
1.72624	1.76982	-0.88024	-1.76947	-1.60678	58.1766
-0.822009	-1.78826	0.208601	-1.50789	0.814766	54.2642
1.30765	0.36334	-0.678025	-1.27773	-1.62127	62.4386
0.127465	-1.38866	-0.921288	0.950003	-1.08036	52.7479
-1.65431	-0.281714	-1.55196	1.05235	-0.955922	58.1894
-0.777121	1.6883	-1.16375	-0.269074	1.66857	53.9093
0.953204	0.519254	-1.11445	0.621692	-0.849953	55.5938
-0.552134	-1.185	-1.75139	1.82889	0.374382	53.7183
-1.49401	-1.96914	0.344216	0.249247	-0.722176	61.586
-1.62452	1.32528	0.990752	1.31392	-0.937563	53.5827
-0.0563222	1.87527	0.513771	1.30238	-1.82051	55.1367
1.79473	-1.47441	-0.141519	-0.661641	0.0448103	57.721
-1.97718	-1.47748	-0.595994	-0.455241	0.714051	58.5813
-1.56831	0.948008	-1.4951	-1.37211	-1.13733	61.5687
-0.951563	0.829469	1.86026	1.61129	-1.48781	54.7903
-0.622376	-1.33239	0.427081	0.371802	-0.721706	55.9841
1.64329	1.42779	0.428847	-0.30558	-0.325564	58.9269
1.17024	1.5407	0.696582	1.10829	-0.100266	53.0569
-1.58364	-1.06681	1.66442	0.401803	-1.16178	61.6149
1.47302	-1.97097	-0.582488	-0.097845	-1.02051	53.1167
1.68617	-1.58231	-1.12925	-1.18278	-0.549881	54.6815
-1.50121	0.820099	-1.36331	-1.99773	1.50854	67.2591
1.39241	-1.54117	1.36357	-1.90029	0.94853	58.8742
0.418359	0.395233	0.323177	-0.646786	1.3997	57.4578
1.50937	1.45548	-0.909751	-1.14612	0.963313	59.2809
-0.0128752	-0.355987	-1.07642	-1.04358	0.298751	48.5153
1.52549	1.45893	-1.06207	0.535574	-1.84126	55.2575
1.48267	0.941241	0.51421	0.0688795	0.756935	56.1938
1.5057	-0.0805565	-1.40913	-0.0623617	0.0331332	50.1281
-0.384024	0.159748	0.227676	0.156269	-0.843426	49.4211
0.298392	-0.92327	-0.313952	-1.06868	1.35039	53.4916
-0.563443	1.70358	-0.38077	0.37395	-0.859409	51.7522
0.441294	1.54644	-1.27406	0.153474	0.733364	51.8385
0.89652	-1.65745	0.169039	-1.01138	0.67188	49.4905
-1.22075	1.70564	1.47633	1.0574	1.71784	57.9447
1.96776	-1.98171	0.161868	-0.0793575	1.09557	53.7333
1.87489	-0.386638	-0.0853936	1.12111	-0.119117	50.5698
-0.423639	0.238522	0.944065	-1.55459	0.169664	56.6028
0.830794	1.29816	0.502155	-1.53729	1.30507	63.5231
-0.204468	1.79774	-1.76932	1.76549	1.68951	67.5262
-0.751558	-0.906233	-1.65259	-1.91308	0.527728	57.9192
-1.56407	-1.80722	-1.32478	0.434809	-0.544429	57.8098
-1.81988	0.098415	-1.44903	1.89531	0.887568	58.5381
-0.660515	-0.385933	1.44277	-1.33141	-1.90739	58.1562
0.975284	-1.05487	-1.31077	-1.66921	0.68816	51.8423
1.93359	-0.991849	-0.619516	-0.569296	1.94377	53.3557
0.795855	1.86791	1.5206	-1.26923	0.500974	60.0442
0.207183	1.73433	-1.90379	0.250827	1.86856	60.9093
-0.304737	-1.40073	1.93519	1.95313	-0.140502	57.1076
1.91144	-1.91699	-0.792978	-0.983589	-0.714506	53.278
0.905775	-0.361558	-1.90907	-0.0498861	1.13537	57.5103
-1.00504	-1.91502	0.753609	0.134666	-1.79152	55.1125
-1.41354	0.597719	-0.999498	-1.74765	-1.44895	65.5583
-1.19166	1.89573	-1.3979	0.511772	-1.93829	61.3152
-0.519367	0.332394	-1.33464	-1.08157	0.927218	55.5051
-1.27719	1.83594	0.667708	1.12288	-0.14643	56.6691
-1.44041	-0.219902	-0.882313	0.982174	1.46885	53.2141
1.14976	-1.56291	0.131107	0.856808	-0.895521	57.3074
-1.87192	-0.850936	1.90018	-0.565875	-0.407218	61.4586
-1.78145	-0.833251	-1.68945	0.0589118	0.358747	59.6025
0.747337	1.23106	0.381979	1.4449	-1.30416	60.2351
0.70616	-0.392439	-0.395596	-1.66083	0.224851	50.8114
1.10261	-0.110864	0.221643	-1.27537	-1.76898	58.6756
1.32405	1.54489	-1.34672	0.517245	-0.596654	63.3911
-1.34637	0.789188	-1.62346	-0.294387	1.26574	57.0098
-0.403519	1.53744	1.84609	-0.0850169	0.774413	56.1871
0.975842	1.55271	1.56762	-0.577922	-0.704628	56.9226
-1.1379	-0.954458	-1.09421	-0.152296	0.689534	46.6464
-0.664711	0.176825	-1.00954	0.310463	1.00345	47.4628
0.349531	-0.641994	0.812813	1.56294	-0.269577	56.6963
0.934929	0.451365	-0.839289	-1.68385	0.317103	59.9884
-0.156344	-1.43742	-0.0225609	-0.370284	1.43003	55.7951
-0.927957	-1.95375	1.68271	0.268656	1.98092	58.5912
0.132302	-1.0061	-1.45783	-1.07642	-1.44918	55.7683
-1.71872	-1.75554	-0.948928	1.9732	0.537056	60.9202
-1.72954	-0.160855	1.24849	1.68532	0.465827	53.3196
-1.49857	1.28549	-1.22767	1.62129	-1.10699	57.8703
1.95078	-1.83391	-0.0228707	1.44644	1.70396	59.7298
0.58213	1.48878	-0.956046	1.71614	1.61808	65.7571
-1.59474	-0.32561	-0.340089	-1.70148	1.26389	61.2503
-0.441774	-0.562569	0.00148647	0.511793	-1.64361	52.0332
-0.574882	-1.71272	-1.62452	1.17868	1.37814	63.1512
-1.96831	-1.87761	-1.31189	1.24444	-1.61996	61.4147
0.87024	-1.5444	1.41398	0.252973	-0.837745	59.3625
-1.89483	0.910418	-0.767867	0.965157	-0.974589	53.1795
1.71208	-1.24544	1.0959	1.91141	-1.49975	65.3989
-1.1591	0.919876	0.0109021	-1.96392	-1.57244	54.3481
-1.3887	1.79954	-1.38655	1.69525	0.515485	65.9159
-0.669378	-1.91317	1.38492	-1.51746	1.72706	66.5993
-1.89495	1.94038	-0.303864	-1.37485	0.654431	54.2812
1.43046	-0.259894	-0.964709	-0.496144	-0.865023	58.7194
-0.629938	0.675001	-0.350206	1.2179	-0.0587626	54.1177
1.91411	0.621393	-0.144335	-1.40833	0.582583	61.364
1.80232	-1.99139	-0.684087	-1.00702	1.40959	60.204
1.64495	1.73523	-1.46531	-1.20786	0.305981	57.5107
1.79142	1.15756	1.37427	1.3522	1.66642	67.625
-0.329518	1.5038	-1.84417	-0.335262	0.526853	63.2645
1.96055	1.12122	1.91811	-1.64677	0.949368	57.6993
-1.83992	1.39152	-1.18112	1.93947	-1.02537	55.8694
1.97448	1.67051	1.19149	0.214423	0.185063	56.703
-0.920462	-1.47263	-1.09409	-0.962055	-1.12326	50.7515
0.152695	1.70861	-1.02863	0.0818894	-1.19986	52.966
0.229044	0.1332	-1.1542	0.42247	-0.338277	51.7384
-1.55622	-1.8728	1.20577	1.04171	-1.56401	66.3105
-0.92501	1.73663	-0.188446	1.20453	0.100555	57.3425
1.07456	1.69661	0.725713	-0.423538	-0.33553	51.3723
1.96729	0.491635	-0.222117	-1.5892	0.642228	58.4182
-0.751171	-0.901297	0.811581	-0.0251868	1.37571	56.6489
0.618186	1.31596	-1.57586	-0.394657	1.03009	59.9546
-0.954967	0.0732931	0.220445	-0.0950512	1.52469	54.5052
0.131355	-0.452963	-1.73013	1.77607	-1.07928	56.8964
1.77751	-0.969209	0.119602	-0.77448	0.76428	49.4484
-0.0162402	-1.88571	1.67173	1.69688	-0.237235	57.0932
1.63364	0.983615	-1.0468	-1.43355	1.33029	57.4968
-1.39693	-0.766724	0.874902	1.24118	0.275703	56.113
-1.18115	1.2892	-1.41993	-1.65735	-0.141763	55.5389
0.746433	-0.225453	0.480099	1.96247	1.61584	53.3011
0.649206	-0.262526	0.709382	-1.95111	-0.737122	54.8404
0.31991	-1.07699	0.879244	-1.82144	-1.30628	53.5546
0.402704	0.372585	1.6194	-0.40971	-0.0239425	57.9529
1.29739	1.29184	-0.383418	0.335178	-1.27725	57.2199
0.847949	0.926784	-1.16823	-1.35245	1.51719	57.2703
-1.66575	1.88249	-0.384095	-0.880546	-0.563721	57.0953
0.0669357	-0.896457	0.410919	0.449896	0.323237	52.854
1.64999	-1.2109	1.57957	-0.0913489	-0.506176	55.4136
-1.20633	-1.84259	-0.66668	1.46706	1.69118	60.7133
-0.24477	-1.56383	1.45174	0.171225	0.114579	55.8235
-0.179608	1.39653	-0.691591	-0.821709	-0.246816	51.8643
1.52689	-1.84549	1.29441	-1.43014	1.47966	61.029
0.100731	1.84244	1.76522	-0.0778037	-1.53245	55.7955
-0.445991	-0.979601	-0.936312	0.0322895	1.7528	55.7987
0.144349	-1.02908	-0.0360002	-1.79187	0.886591	48.9128
-0.369071	1.47473	0.973807	1.1633	-0.584483	53.1806
-1.76868	-1.81687	1.64096	0.807113	-1.55951	61.6351
-1.13968	0.0973785	0.42476	0.446947	-1.49768	50.3314
-0.753651	0.852053	1.86015	1.40798	-0.00619398	51.9966
-1.74247	1.45499	0.252478	-0.482463	0.167567	52.4398
1.04653	-0.265958	1.04434	0.326938	-1.61045	56.0028
0.509257	1.15759	-0.127591	-0.0612717	0.0109189	52.9108
0.110438	0.28627	0.415414	-1.14851	0.465568	51.9781
1.30743	-1.17207	0.263508	0.129133	0.562259	57.4471
-1.56363	0.775564	-1.90424	0.838121	1.7673	55.6148
-0.33396	-0.925188	-0.0629242	-1.91915	1.97544	55.3841
-1.59719	-1.56232	0.705332	-0.106142	0.999674	61.2736
1.67346	0.444271	0.0322249	0.570504	0.297939	56.6867
-0.792002	0.632491	1.14708	-0.165191	-0.331804	53.842
-1.46578	-1.10408	0.684934	-0.470664	1.99702	57.4381
0.944378	-1.86318	-0.180257	-0.0750023	-1.33761	49.5017
-0.644152	-1.53697	-0.33376	0.704171	-1.92557	55.0616
1.14424	0.449517	-1.24892	-0.645661	1.07203	56.8612
-1.19295	1.57428	-0.683617	-0.514026	-0.694116	58.5503
-1.24961	0.661133	1.34201	-0.936455	0.526172	53.8486
-1.26377	0.565256	1.77387	-1.28152	-1.6923	60.975
0.36658	1.08963	1.57981	-0.719465	-1.19613	57.451
-1.43801	-0.161739	-1.38276	-0.692133	-1.12661	59.3767
0.0862937	-1.62982	1.06656	-0.917262	-0.430441	50.5542
-0.182769	0.481243	0.665563	-0.814785	-1.09901	50.3618
-1.73509	0.264015	-0.477837	0.995066	-1.49473	52.5113
1.60351	1.18599	-0.523164	1.91749	-1.19095	60.1044
1.44678	-1.18383	1.42493	-1.84327	-0.377315	57.6278
-1.7155	-0.491589	1.78121	-0.0832251	0.0573838	51.1376
-1.68689	0.537355	-1.40618	0.834912	0.659545	60.2174
0.352737	1.84894	-0.966918	1.08713	-1.47799	53.6003
0.656893	-1.75873	0.978299	-0.894376	0.88199	56.743
-1.29231	1.7641	1.94394	0.0160475	1.3388	62.6713
1.03184	-0.806019	-0.729527	1.00484	1.40614	53.3299
-0.72764	-0.470762	-0.209689	0.352946	-0.593278	48.7578
-0.984244	1.71881	-1.4281	0.172523	1.73555	64.0119
-0.395353	-1.36008	-0.158949	0.2228	-1.5205	61.1518
-0.822263	1.37931	1.93704	0.508337	1.31187	63.7766
-1.33513	1.00436	0.703084	1.69866	-1.72456	64.1758
-1.60155	-1.74822	-1.21129	-1.75679	-0.353574	56.5216
-0.746704	-0.198584	0.889996	-0.571175	-1.14122	47.5208
0.673707	-1.6471	1.24132	0.053128	1.77663	58.3424
1.83914	-1.82105	0.274058	1.77047	-0.799545	61.0796
-1.46627	0.0471623	1.0467	1.53558	-0.22953	51.6794
-0.474405	-1.55724	-1.1996	0.332748	0.967445	58.5158
-0.312515	1.72129	1.54181	0.716472	1.04151	60.6969
1.24522	1.06183	1.56465	0.0530646	1.92581	58.1019
0.843632	1.9638	-0.0702153	-1.72253	1.59291	53.3718
-1.29696	0.207166	0.90188	-1.50492	0.675041	58.7172
0.543738	-1.61066	-0.437785	-1.62049	-0.0387717	55.2143
-0.828847	1.77334	-1.49835	-1.90663	-1.96425	62.1411
-0.194653	0.53298	-0.0566977	-1.51082	0.553382	55.1021
-0.0846469	-0.135829	-1.44505	-0.387748	0.406124	51.84
0.685206	0.583116	-0.0635718	-1.00101	1.40681	58.8268
-0.620623	-1.02082	0.506714	-1.74661	0.865606	52.2405
-1.31941	0.923213	1.69023	1.4566	1.11185	60.0896
1.19772	-0.39221	1.92001	-1.39357	0.372834	62.5075
-0.95715	-1.35378	-1.32036	-0.417464	-1.12469	59.5318
-0.327643	0.802171	-1.1494	0.878762	0.699544	48.2794
0.0730693	1.3232	0.816136	1.68926	-0.837675	53.3212
1.79285	0.741466	-0.518992	0.638071	1.19106	53.509
1.51987	-0.444506	-0.428128	-0.534466	1.18522	60.1056
-0.760399	-1.73085	0.172158	-1.24212	-1.15245	52.1087
1.9054	0.568945	-0.364471	1.8383	1.35276	61.9125
0.68613	-0.667037	-1.72965	-1.3702	-0.5441	56.3946
1.29711	0.999601	-0.0309486	-1.95295	-0.65313	57.5914
-1.55969	-1.68822	0.966057	1.0587	-0.704988	59.2372
-0.111042	-1.67938	0.209052	-1.9076	0.874715	52.9411
-1.54855	-1.92512	-1.15202	-1.28345	1.54128	60.2508
-1.26916	1.90803	-1.40279	1.45854	0.740051	59.804
0.0989993	1.75063	1.61435	1.07367	-0.170087	56.5309
-0.577894	1.16684	1.82123	1.74876	0.958771	60.301
0.185307	-1.02798	-0.604688	0.959986	1.15544	53.6602
-0.724294	-1.15654	-1.58081	-1.52286	-0.310075	61.546
1.41476	1.97886	0.79734	1.41579	-1.15613	57.9837
0.098863	1.12593	0.0560566	-0.212495	0.436191	48.2561
-1.33217	1.14278	0.6687	-1.37632	-1.19498	57.5828
-0.0105615	0.353696	0.38511	0.268574	1.38581	49.7506
0.89462	1.3052	-1.92123	0.652448	-0.48623	59.3839
-1.80549	-0.712035	-1.43363	-0.637533	1.49261	60.9136
-1.21181	-0.22117	-1.06405	0.21321	1.06448	47.7482
1.48892	-1.97624	-1.50846	-1.95551	1.4597	70.5962
0.0464813	1.49849	-0.885807	-1.15007	-0.551431	54.3087
-0.932145	-0.154659	1.15804	-1.22443	1.00604	47.4402
1.98767	1.92382	1.26165	0.901963	1.86472	61.4517
-0.931126	-1.88854	-1.78605	0.459091	0.999851	59.1803
-1.50044	1.71074	1.22276	-1.87434	0.430113	57.3308
0.878085	-0.837024	-1.30259	0.00373992	-1.51372	54.5401
0.0627175	-1.65205	0.412623	-1.12047	-1.26171	55.0484
-1.28033	-1.4848	1.80645	0.657122	1.86745	66.0641
1.89119	0.629357	1.54846	1.48877	1.09662	65.6984
-1.6648	0.100333	0.572166	0.676125	1.55666	62.6137
1.15851	-1.03657	1.9942	-0.298172	-1.44775	62.4638
1.26266	-1.60283	-1.81651	0.186585	-1.19334	60.4172
0.559017	1.12414	0.902987	-1.84851	-0.280531	55.4479
-1.83846	-1.3449	-0.0674833	1.95762	-1.39483	56.3232
1.16316	-0.935166	-1.20574	0.597895	-1.78933	55.54
0.118466	-1.90103	-1.51805	-0.234478	1.24347	51.7248
-0.758162	0.774782	1.19791	1.83108	0.476471	56.1635
-0.306252	0.379076	-1.59556	1.66451	1.09519	54.8347
-1.20952	-1.19226	-0.652466	0.909904	1.59847	61.7294
-1.75267	-0.293363	-1.96227	-0.504257	-0.251599	59.9206
1.28258	0.0993606	0.208793	-1.29648	-1.7512	53.6278
1.87283	0.283481	1.27994	-1.39452	-1.98652	56.9709
-0.330783	-0.7681	-1.53244	1.46982	-1.19989	62.1925
-0.301531	0.519842	1.37916	1.1699	0.569241	58.1087
-1.28521	-0.907543	0.166946	0.658008	-1.18189	52.816
-0.498648	-1.6671	0.398881	-1.44212	-0.420071	55.9833
1.51901	-0.0197943	-0.908773	-1.5	1.50011	62.91
-1.89756	0.435901	-0.465231	1.12567	-0.71136	54.7206
1.47232	-1.56127	-0.856366	1.23121	1.43547	65.2789
0.900441	-1.06988	-1.97624	-0.189421	-0.534443	53.5422
-0.0790829	-0.318517	-1.24175	-1.98283	-1.18526	51.7777
-1.65209	0.496668	-1.54043	-1.2228	0.390447	56.5351
-1.48987	-0.982877	-0.0566991	0.776829	-1.21595	57.1949
1.24944	0.0814162	-1.83396	-1.71615	0.905001	52.7314
-0.950988	1.60754	-1.82992	1.54603	-1.20185	59.4648
0.200218	0.289611	1.78494	-0.323341	-0.926969	54.6136
0.97606	-0.53848	-1.65525	0.104	-1.10921	50.4051
-1.37887	-0.972408	-0.291606	-1.30955	0.939546	53.3149
1.25306	1.20125	1.47568	0.532151	0.211768	54.1183
0.4129	-0.849078	0.589287	-0.939873	0.562341	55.1571
0.221206	1.07545	1.71563	1.98196	1.93839	63.7842
-0.761485	1.53266	-1.30436	-1.10951	0.608993	55.177
0.647566	-1.62126	-1.02929	-1.00073	-0.114414	56.9324
0.11353	0.200415	1.17352	0.772352	1.58504	58.0335
1.03854	-1.72286	0.157562	-1.33119	-1.72227	59.8653
-1.10122	-1.02931	-1.5964	1.45441	-1.17724	55.5592
-1.24141	1.2152	1.09673	-0.214948	1.46049	58.8619
-1.54509	-1.64049	0.715659	0.575402	0.176272	55.2949
0.162904	1.40454	1.84087	-1.52593	1.0968	62.3813
-1.3102	-0.448035	0.837585	0.0998325	-0.934833	50.4666
-1.02805	-0.860377	1.46632	0.482329	-1.79222	62.0757
0.464506	0.588201	-1.65702	-1.74871	1.47998	58.8364
-0.98454	0.302851	0.271795	0.751682	-1.45415	57.4837
0.198721	-1.76588	0.00602709	1.09794	1.42773	54.5176
0.814813	-0.701449	-1.86265	1.06938	1.39313	57.9771
-0.717388	1.95392	0.334268	0.532417	-0.969285	52.0903
-1.97286	-0.712147	0.988509	-1.98717	-0.514076	57.8416
0.275607	-0.895237	-0.446852	1.74736	-0.209746	53.712
1.59143	0.536469	0.761646	-0.908801	0.466802	57.4491
-0.0282634	0.589834	-1.36063	-1.96821	-1.40741	63.6681
-0.431761	-0.976869	-0.851644	1.40102	0.963828	51.2242
1.56528	-0.638269	1.72797	-0.259248	-0.895098	57.1033
1.19238	0.899232	1.26175	0.870266	0.950818	57.5072
-0.312412	-1.48309	-1.28386	-1.42305	1.58244	58.1075
1.60128	0.242215	-0.786646	-1.04841	-1.7968	60.2636
-1.9351	-0.169672	0.358131	-1.8958	-1.63972	62.2195
1.74511	-1.82976	-1.12238	0.741025	1.67311	65.786
1.45823	-0.524412	1.01513	1.63893	-1.40936	64.1805
1.99871	0.551127	-0.665877	-0.967791	0.898631	51.8464
1.90196	1.9093	-1.17802	-1.66201	1.61173	66.9963
-0.868391	-0.249394	-1.77765	-0.573405	-1.68549	55.2787
0.787502	1.35162	-1.01996	0.380243	-0.0372905	56.9819
1.74508	0.661748	1.67412	-1.19136	0.72814	54.8965
-1.18372	1.65251	0.613485	0.9643	-1.18599	58.6614
-0.645429	-1.18533	-0.168929	1.19176	-0.474775	53.8533
0.385183	-1.74021	1.28793	0.758967	1.8953	63.9408
-1.74009	-0.945946	-0.890085	-0.199517	1.28234	54.6375
0.205349	-0.730161	-0.423973	1.07278	0.58485	57.1832
0.984167	-1.0576	-1.17487	0.650682	1.09859	52.4828
-1.46561	-1.59511	0.549205	0.912618	0.0790583	55.1513
-1.74333	-0.979813	-1.30109	0.661693	-0.753242	53.7407
-0.708135	-0.787086	1.60546	-0.943604	0.153872	53.9242
1.9778	0.240574	-0.557416	-0.646904	0.21833	52.2864
1.99178	-0.857612	-0.543593	-1.93564	1.53592	64.7323
0.578644	-1.13206	-0.511022	-0.493872	-1.38089	59.2418
-1.72367	-0.400558	1.44852	1.16676	-0.709387	60.5342
0.811949	0.135712	0.331513	-0.193098	-1.00337	53.9293
0.646501	1.52337	-1.57223	-0.766991	-0.0397436	53.213
-0.35805	-1.38038	-0.639931	-0.489464	-0.977993	52.8607
1.19677	1.44001	-0.874915	1.10943	1.83161	52.8893
-1.66128	-1.231	-1.48431	-0.352556	-0.277508	56.5031
0.379802	1.99063	1.29578	0.871283	-1.48453	63.7927
1.64519	0.981973	-0.117287	0.014067	-0.557993	48.5873
1.41034	-0.37975	1.97564	-1.47064	-0.504455	61.0213
-0.998269	0.805489	-0.722275	0.605986	-0.0856311	47.7099
1.54475	-0.0699212	0.985397	-0.581017	1.10621	56.2339
0.512836	-1.21479	-0.0552686	-0.798364	-1.9718	59.7545
-0.754429	0.516921	1.88223	0.606554	1.01508	55.2362
-1.61195	-1.43584	-0.700232	-1.48868	-0.965977	54.8821
1.8278	1.54305	-1.09322	1.27659	0.039689	54.5358
-1.03324	1.05537	-1.34351	-0.597601	-1.55363	57.7264
-0.50975	-0.119988	1.60773	0.45385	0.811596	51.4784
1.86161	-1.45737	1.82499	1.2578	-1.51678	59.8888
-0.0479983	0.939432	-1.27529	0.304928	0.213569	51.5464
0.189404	1.10728	-0.699873	-1.53644	1.75616	57.2886
-1.76857	-1.07388	1.63865	-0.00642846	-1.34333	53.3217
1.21455	-0.428592	0.717908	-1.41245	1.08539	52.8474
-1.70665	-0.58788	-0.0402655	1.6998	1.95706	54.7197
-0.0753836	-0.903755	-0.622146	0.673806	0.443769	56.4478
-1.06826	-1.05604	-0.907228	1.59114	1.31823	60.3959
1.29856	-1.42697	-1.70068	-0.264337	0.379867	61.5153
1.86255	-1.5878	-0.737859	-0.564325	1.20375	62.766
1.83267	0.925981	0.457341	1.44405	1.3238	58.0388
-0.607695	-1.00601	-0.868096	1.06733	0.606632	53.1449
-1.94212	0.974963	-1.75219	-0.621905	-1.27007	58.7029
0.874365	1.61238	-1.92415	-1.46006	-0.849439	60.0665
-1.45076	-0.611844	-1.46218	0.215228	-0.89964	57.1358
0.222649	1.89054	0.518051	-0.547762	-1.94695	60.3647
0.0995247	0.396557	-1.26125	-0.17838	-1.24096	48.1335
1.93431	1.80479	-0.589398	1.15662	-0.435882	58.2448
-1.11377	-0.339404	-1.87886	-1.01514	1.55859	55.6163
-1.56649	0.273465	1.09583	0.107491	1.12334	55.8946
1.16632	-1.20757	0.700522	0.704475	1.50043	51.7604
-1.11966	-1.64069	1.38451	-0.506294	-0.732807	63.0876
0.00918478	-1.02919	-1.69023	-1.81939	1.62886	56.7762
-1.09008	-0.306359	1.82778	0.640134	1.93304	60.4028
1.4275	1.93709	0.693494	0.685878	0.263777	62.7974
-0.930906	1.46002	0.298549	0.189356	-1.56546	58.1747
-0.233347	0.475293	0.674402	1.33301	-1.54277	62.8881
0.126354	-1.58039	1.15682	0.720095	-1.61256	60.9915
-0.701473	1.90215	1.52564	0.673733	-1.82629	66.1601
0.576951	1.10758	0.575481	0.159923	0.747906	54.5359
1.07143	0.830155	-0.51008	1.44247	-0.572839	55.9531
-1.36259	-0.411741	1.85101	-1.55458	1.495	66.7297
0.230742	0.62606	1.76517	-1.05068	0.134579	52.4854
0.801668	0.48925	-1.83941	1.73985	-1.38061	64.9512
1.32274	1.35323	-0.558579	-1.51927	-0.751343	59.1309
-0.324256	-1.4792	0.235417	0.216791	-0.322904	57.3298
0.471192	1.67963	-0.0142217	0.162198	-0.747129	57.285
-1.93907	1.88313	-1.34837	0.871603	1.18798	62.0897
1.48088	-0.868639	1.22348	-1.73304	-1.11375	59.9337
-1.2563	0.144813	-0.91172	1.93533	-0.615589	58.2573
1.9162	-0.303284	-0.455214	1.11235	-1.28014	58.4
1.13699	1.42521	-0.251558	1.78777	0.581665	57.8074
-1.83803	0.794373	0.0230759	-1.77327	-1.0335	54.7558
-1.14798	0.910332	1.68083	-0.968405	-0.741877	53.9631
1.11064	-1.64968	1.60857	0.594254	-1.17694	62.2283
-0.0537257	-1.45631	1.21154	1.23634	-1.2585	56.4512
-1.40268	-0.324837	-1.84046	0.0670458	-1.35005	55.3887
-1.26226	-1.7157	-0.237656	0.434278	1.38199	60.3154
-0.817154	-1.90235	1.97903	1.21155	1.04411	57.3417
-1.25596	-0.0255544	-1.30978	1.01218	1.75925	55.7751
1.91742	-1.71235	-0.883087	1.04741	-0.916001	55.5673
0.576003	-1.8369	1.41586	1.25166	1.07467	62.8978
-0.364123	0.605768	0.773216	-1.5752	0.646379	56.224
1.0792	-1.78736	0.375771	-0.986704	1.19026	54.0244
-0.560621	0.551342	1.31849	1.45975	1.4663	59.6598
0.38381	-1.5868	-0.248666	1.39937	0.705652	63.0638
-0.453448	0.838615	-1.01699	-1.1732	0.261103	53.4767
1.37935	-1.25982	-1.73492	-1.69617	1.62978	63.2934
1.25389	-1.22912	-0.871682	-1.73392	0.971258	55.5501
-0.983413	1.32025	0.293166	1.40283	-0.779703	52.3639
1.45304	-1.7555	-1.94608	0.528342	0.977977	56.5774
1.87803	-0.331407	0.200105	0.388758	-0.607895	56.8587
0.165451	-0.458021	-0.982934	0.794152	-0.690781	50.3095
-1.55386	0.0133287	-1.16014	0.274821	-1.44403	60.9414
-1.76362	1.63242	-0.599954	-0.818497	-1.02398	56.6879
1.43727	1.082	0.761717	1.31926	-0.280088	52.289
1.59055	1.49449	-0.880211	-0.302014	0.199482	55.6543
1.27326	1.47068	-1.6638	-0.479668	1.64176	57.0959
0.548284	0.69922	1.06191	-0.401034	0.896664	53.241
-1.24199	1.47403	1.31943	-0.245056	-0.487719	54.0134
