-1.30823	1.83738	-1.8385	-0.665781	0.0110034	54.8399
-0.664827	0.651895	-0.76089	1.56236	0.920014	60.265
-1.63376	-1.92877	0.530585	-0.183751	1.44521	58.8759
0.273791	0.803608	1.52924	-0.129553	-0.733731	54.9082
-1.95926	-1.33403	-0.134812	-0.253356	-1.13156	53.543
0.910519	-1.01108	1.52008	-0.694367	-0.91754	49.7795
-1.08658	0.646025	1.97146	-1.23792	0.201305	51.5674
-0.793652	0.44418	0.276868	1.44859	-0.0579065	49.5472
1.76437	-0.123562	-0.594191	1.42568	1.14213	58.2528
1.31503	1.6174	-0.214018	1.5932	-1.75975	59.243
-0.22319	1.88715	-0.908625	0.142408	1.92571	59.8196
-0.702529	1.87879	-0.359814	1.27202	-1.64844	61.8056
0.850536	0.359273	-1.65707	1.09705	-1.21494	50.8093
0.831752	1.69612	-1.44092	-1.04279	-1.07257	52.2499
-1.02604	0.389705	1.74566	-1.27075	-0.0243962	53.1745
-0.309702	-0.554018	0.283614	1.79605	1.01121	50.0207
0.4451	1.56811	0.778787	1.03465	-0.58317	59.0471
-0.393339	-0.21889	-1.4433	-0.0611732	-1.84008	59.6405
1.85378	-1.50229	-1.38728	1.34786	0.542951	61.7985
1.48724	0.0716622	1.17929	-1.08401	-1.1	58.8454
-1.28256	0.981616	1.92501	0.559298	1.63487	59.2119
-1.09188	0.639366	1.67541	1.14758	-0.338626	56.0223
0.919078	0.0808454	-1.19106	-1.18319	-1.34044	54.5578
-1.65178	-0.111389	-0.620532	1.28949	-0.386977	52.5289
-0.412732	-1.0253	-1.99487	0.459734	-1.20599	58.6856
-0.906428	-0.943437	-1.42365	0.822196	1.51195	56.377
-0.429841	0.741468	0.682436	-0.19563	-1.57916	51.7507
0.72187	-0.75057	-1.1081	-0.389916	0.831681	48.0748
0.0532783	-1.55703	1.65187	1.57342	-0.563631	65.1629
-1.01146	0.270032	-0.287159	-0.877807	-1.46786	55.8722
-1.41833	0.498896	-1.73404	0.942579	-1.78565	58.9548
-0.963681	-1.74765	-1.79927	0.73089	-1.07522	60.2887
-1.87251	1.52235	-1.64602	0.856596	0.48893	65.6476
-0.199579	0.582988	-1.97383	1.66822	1.46141	57.8167
-0.776843	1.2192	-1.53602	-1.25989	1.11093	52.6059
-0.840648	-0.648865	-0.951794	1.66611	-1.36258	54.642
1.30536	0.218941	0.986307	-1.18359	1.85427	59.042
0.173644	1.09867	0.632503	-0.305517	0.377613	54.4244
-0.216081	-1.29574	1.70078	0.556546	1.62847	63.7562
-0.407768	-0.324417	1.1331	1.12363	-0.0055693	52.2399
1.51499	1.66452	1.91326	0.451223	-1.576	61.3511
-0.874102	0.857718	-0.758983	-1.02725	-0.177347	47.8329
0.699119	0.598014	-1.2303	1.06936	0.320943	53.0555
-1.59642	-1.95552	1.76001	0.147881	0.333299	59.8955
0.355072	1.74558	-0.507119	-0.429775	0.292883	61.0321
1.07265	0.00864127	-1.6372	1.89424	-1.8755	62.2686
-1.13778	-1.33793	-1.08734	0.628585	0.303738	54.8001
1.10456	-1.00005	1.80143	-1.52196	-1.81635	56.5791
1.69253	-0.0831962	-1.79728	-1.81116	1.36147	55.8435
1.12502	-0.66339	0.251361	-1.68164	-0.0564879	50.1252
-1.8137	1.0708	-1.79068	0.272926	-0.445883	62.6283
-0.411534	-1.97608	-1.37897	1.7453	-1.32374	63.0726
-0.800065	1.71176	0.578445	-1.69103	1.00572	60.8456
0.820213	-1.62569	-0.045258	1.54833	1.04471	61.1676
-1.87443	-1.22815	-0.527663	-1.99385	0.340156	64.3888
-0.0406848	1.21146	0.837534	-0.642668	-1.6091	53.7447
0.231874	1.79731	0.985134	-0.515954	-1.72345	55.5324
-1.57601	-1.66171	-1.07317	-1.49436	1.67316	69.1187
-1.31251	-0.293083	-1.05998	-1.23887	1.4287	57.0599
0.727371	0.168431	1.50428	-1.61272	-0.433571	60.8304
1.73318	-0.483779	-1.59053	0.112508	-1.48588	61.3701
1.71305	-0.958352	0.506138	-1.08518	-1.74958	58.9088
-1.51338	0.385581	0.242097	-1.28538	-1.49509	60.4905
1.15929	-1.46109	-0.66945	1.26498	-1.55086	59.8911
-1.20316	-1.58445	0.867863	1.09368	1.97633	56.7326
-1.66852	1.60105	-0.403926	1.93374	1.3542	61.0094
1.99585	1.72022	1.42478	0.292563	-0.934208	56.9819
1.58872	-0.327388	-0.00296886	0.354531	0.878545	49.4341
1.36996	0.193371	-0.31116	1.38645	-1.05096	50.5556
0.503184	0.622112	-1.70524	-0.0621855	0.624852	60.7377
-0.357411	-0.245747	1.31355	0.802229	-1.28635	52.3477
-0.389369	0.793237	0.317109	-0.660392	1.59431	55.5702
0.289248	-0.566184	0.814334	0.723202	-1.93163	60.3267
1.17171	0.790642	-1.42651	-0.67518	-0.147918	53.445
1.63597	-1.82936	0.402813	1.26366	-0.0463388	56.1725
-1.77301	-1.85387	-0.464555	-1.11018	-1.91082	60.287
-1.06364	-1.44712	-0.671287	1.88448	0.204395	54.4679
-1.31312	-0.306601	-1.65254	-1.66245	0.379383	62.4158
1.58192	-0.22177	0.602588	-0.0908578	1.31041	55.6626
-0.969851	-1.15987	0.0260435	1.06048	-0.702803	47.7176
-1.01445	-1.81605	-1.15893	-1.1426	1.72498	56.3918
-1.2874	-0.443933	1.82075	-0.773179	0.843004	58.2184
-0.264237	0.292454	0.882251	1.58869	1.58387	53.8561
0.982004	-1.32942	1.09285	0.601446	-0.175987	58.1234
-1.81606	1.46798	1.53623	-1.62364	1.98474	70.9095
1.10637	-0.460578	-1.55603	-0.607865	-0.544429	55.6653
1.89488	-0.530166	-1.11906	0.568988	-1.3298	62.128
1.14097	-0.277119	-0.292148	-0.692477	0.369592	52.3858
0.546107	-0.679409	1.45231	-1.56084	1.14164	61.6199
0.293077	-1.72911	0.692571	1.17916	1.48654	58.4728
0.466251	-1.21393	-0.637017	-0.288901	-1.64366	57.148
-1.11067	0.57597	1.63082	1.34812	-1.94569	55.4439
-0.928088	-1.58084	1.53875	-1.91435	-1.73103	57.5867
-1.14069	1.56575	1.09592	-0.49263	1.4024	62.5286
1.01229	-1.15845	0.0520906	-1.65026	-0.544143	54.4491
-1.60141	-1.62645	-1.018	-1.42271	-1.92064	60.6018
-1.92697	-1.57113	0.101859	1.55734	1.3882	58.3743
0.947094	-0.877253	1.75062	-1.26834	1.08976	58.4391
-0.208307	1.23276	0.348693	0.984968	0.217414	50.1658
1.47872	-0.599259	-0.107508	-1.10754	-1.28202	58.1042
1.26378	-0.907963	-1.12232	-0.342013	-0.91246	52.3262
-0.257284	0.885447	0.243753	1.37552	-1.54148	58.3524
1.69116	1.87962	1.73739	-1.64554	0.781269	62.8579
-1.74215	1.12175	0.510643	0.324831	-0.207734	55.2191
-1.70325	-1.54171	0.375524	-1.82877	0.327406	65.0857
-0.269155	-1.8843	0.344997	1.49397	1.21975	63.4457
-0.159217	1.83024	1.95758	0.562864	0.080004	54.4776
-0.333371	0.180357	-1.84436	0.597317	-0.847768	55.4686
-1.68227	1.01291	0.04507	-0.0777902	-1.0809	47.076
1.48974	1.12791	0.226442	0.00620454	0.0119138	49.6348
-1.63597	1.21042	-0.746686	-1.39472	-0.280242	54.6442
-1.06662	1.72092	-1.80405	-0.441781	1.3697	64.7752
0.151132	0.922775	-0.869383	-1.65291	1.9883	55.1855
-0.859323	1.63543	0.918649	1.59197	-1.74809	56.2588
0.175232	1.44633	1.42358	-0.146824	1.32545	53.1571
-0.321746	-0.525735	1.04951	-0.308662	1.61436	56.3242
1.26961	1.06957	-1.92342	-0.499789	-1.00424	56.0446
0.504333	-1.89645	-0.198584	0.970013	0.314607	57.483
-1.73607	1.68065	-0.897453	0.376962	0.317283	57.7227
-0.222332	1.35207	1.21913	-0.0304495	1.62901	56.5179
-0.0913771	0.16659	1.3564	1.2823	-0.16542	56.7239
1.91287	-1.1841	-1.8353	0.657202	-0.103276	55.7219
1.1474	0.0255301	-1.13856	-0.630627	-1.12837	56.7254
-0.485733	1.19357	1.3211	0.968449	-0.434702	57.2166
-1.75741	-0.380149	-1.28749	-0.376129	-0.923588	52.6629
-1.93414	-0.328012	0.134989	-0.861397	0.684089	52.1169
0.48049	1.26253	-0.326496	-1.34126	0.216893	57.3163
-0.267757	-1.77091	-1.91571	0.458789	1.05486	59.6376
0.962834	-1.19436	1.81797	-1.6184	-1.97271	55.375
-0.351771	0.139429	-0.147583	1.35608	-0.677545	48.6473
-0.737279	-0.210536	0.869629	-0.242583	-1.49029	49.9662
-1.4504	-0.755925	-0.413737	0.961182	0.463834	58.5485
-0.32943	-0.174167	-0.309088	0.412819	-0.170253	50.678
0.740213	-1.98678	0.271779	1.99465	-1.64986	60.6607
1.88192	-1.41154	-0.921539	0.853417	-1.79787	56.9138
1.38675	0.896297	1.41348	0.363804	1.56252	56.1139
-1.87853	0.354481	0.174289	-0.421535	1.13345	54.2415
0.35505	1.87147	-1.43059	-1.54102	-1.08913	61.9895
1.00279	1.01745	0.469156	1.08056	-0.692042	52.3764
-0.613971	-1.09274	-0.00713942	0.585465	-0.973507	50.6219
-0.109628	0.279492	-1.08003	0.44671	1.51193	49.8822
1.97063	1.01611	1.40549	1.03273	-1.94487	61.6053
1.49689	-1.67161	0.419772	-0.481729	1.14459	58.8852
-1.62077	1.36895	1.45548	-0.841934	1.293	61.0874
1.75109	-1.75973	-0.721047	-0.393467	-0.619707	55.9067
1.7385	-0.0810935	-1.79144	1.59002	0.340852	55.6564
-0.649312	-0.699817	-0.413553	-0.834807	-1.68678	55.6982
0.838484	0.386076	-1.87187	-1.25699	-0.37523	51.2899
1.8757	1.14438	-1.63769	-0.298275	0.167703	55.051
0.66019	-0.556268	-1.35576	0.790488	1.57351	61.3383
-1.50224	1.05445	1.58	-1.50895	-0.354417	65.6749
1.07866	-0.0418799	0.305361	1.00636	-0.268602	49.4562
-1.50468	0.216582	-0.724546	-1.93277	0.785535	55.8654
-1.21526	0.608501	1.94127	0.520409	1.88698	64.6457
1.97019	-1.90979	-1.23199	-0.058872	-1.66617	64.2142
1.97972	-1.0706	1.94902	-0.995953	-0.62949	58.2372
0.839409	1.74023	0.137178	1.10849	-1.74011	54.4867
1.52787	-0.240371	1.65972	1.83845	-0.808764	54.376
0.434662	1.28322	-0.648778	-1.01076	1.73761	60.5213
-0.648843	-0.390282	0.557849	1.0598	-1.87835	51.6891
1.33206	0.892123	-0.330182	1.27287	0.187009	58.0892
1.63172	0.146673	1.65653	-1.71547	-1.56776	63.8326
0.000709173	1.21416	0.737749	1.30507	-1.42781	58.6445
1.26132	1.42261	0.719897	0.830275	-1.01118	50.5116
0.904642	0.495196	0.494677	0.962593	0.237454	55.0339
1.66566	0.921397	-1.11134	0.363738	1.67256	53.1494
-0.611766	1.09427	-1.21385	1.25169	1.82156	56.0702
-1.15179	-1.95551	-1.34329	0.581729	1.01517	57.2129
1.09571	-1.75167	0.147732	-0.218082	-1.85345	58.3117
-0.573702	0.82432	1.51508	1.72567	-0.101195	58.7924
1.31019	0.95118	0.349528	-1.50882	1.62256	57.5893
1.52703	-1.07169	-0.301183	-1.82546	1.33027	62.6472
-0.267767	0.408283	0.263768	-1.29183	-1.99554	55.1304
1.67806	-1.77536	-0.92122	-0.237018	-1.16457	55.8934
0.876108	-1.5894	0.237247	1.38939	1.70161	59.2976
1.59909	0.25051	0.638371	-1.73469	0.131623	57.503
-1.94096	-1.48315	-1.79704	0.253556	0.681386	54.5421
-1.13639	-1.97651	1.59412	1.95516	0.914148	60.3629
0.59772	1.06165	1.14918	-1.91944	-1.23889	55.8154
0.569036	-1.18821	-0.864558	-1.83575	-1.39219	57.927
-0.889791	0.411721	-0.0138722	0.0900726	0.588779	50.9088
1.40163	1.55713	-0.429088	-1.86537	-1.66504	61.4249
1.54839	-0.553224	-1.1056	0.202656	0.625216	55.8818
-1.28407	1.58908	1.74479	-0.664741	-1.99121	60.985
1.46001	-0.4845	1.84858	-0.160095	-0.0434795	51.7975
-1.57785	0.551506	0.697987	-1.33064	-0.0569587	60.1606
0.586504	-1.34396	-1.63509	1.04641	-0.739976	59.9507
-1.27348	0.713887	0.626369	0.594819	-0.975089	59.6679
0.536987	0.875495	-1.50417	0.223926	0.927688	50.0756
1.3432	1.11405	-1.39089	1.98091	1.63541	61.1996
1.13621	-0.528071	0.638597	0.282584	1.11127	54.7775
-1.78879	0.372475	1.30742	1.68261	-0.159692	56.8279
1.39354	1.09217	1.20917	1.58342	-1.15174	53.1543
1.43821	1.22674	0.659237	1.48469	1.74061	61.6162
0.322581	-0.513736	1.01573	-1.67527	1.2784	62.0341
-1.96831	0.14089	-1.63554	0.225868	0.879285	50.5612
0.00266493	-1.40556	-1.64419	-0.040253	-1.41167	54.7211
-1.87671	1.19804	1.69923	1.56511	-0.309825	60.3436
1.45132	0.210604	0.760228	-1.13408	-1.90213	59.0665
-0.569338	-1.15371	1.79924	0.0104553	0.246996	57.7481
1.7293	-0.998676	1.88153	-0.996976	1.69126	60.3202
1.22781	-0.319233	0.0783961	0.0682979	-1.93241	52.4059
0.62512	-0.323629	-1.09333	1.03746	-1.05969	48.6457
1.42341	-0.757165	0.364989	0.24929	1.85301	53.125
-1.54407	-0.456866	0.861994	1.59772	-0.462683	60.9462
-0.0203578	-1.56639	1.73471	0.447489	1.65537	54.5347
1.41055	0.56537	-0.492681	0.400338	1.67434	59.5456
1.65894	-1.47055	0.169942	0.953513	-1.7063	57.9375
-1.95551	1.25321	1.45385	1.44952	0.367444	59.5429
-0.974052	-0.574555	-1.85687	0.877779	0.830219	57.5238
-1.61277	1.13395	1.90269	-0.582675	-0.552853	63.3868
1.61824	0.247715	0.814165	-1.6969	0.983375	59.1263
-0.790931	-1.94877	-0.639372	-0.328025	1.54051	54.6976
-0.210602	-1.20714	-0.380239	1.26176	-1.38207	52.2463
1.46914	1.77763	-1.42896	0.787306	-0.821695	59.6982
-0.706348	1.79941	-0.908919	-0.544909	-1.24065	59.811
1.55107	0.270842	-1.07917	-0.0272851	1.89591	51.7645
-1.7725	1.94763	1.57633	-1.45226	-0.0597688	58.2895
-1.89432	-0.799532	0.810147	-1.29804	-0.197161	50.1559
-1.92716	-0.57642	-0.835791	-0.112802	0.404312	58.82
-1.67299	-0.759951	-1.17634	0.590056	0.153104	59.2355
-0.803223	-0.482909	-0.325034	-1.4154	0.796404	58.6354
-1.79472	1.42568	1.10929	-0.0624312	-0.870548	51.0389
-0.942215	0.496798	0.164844	-0.0877187	1.12075	45.8667
0.325573	1.18371	-0.879532	1.47926	-0.838907	54.9599
-0.279916	1.59808	-0.0555743	-1.39047	-1.83561	61.1746
-1.56312	-1.64554	0.545401	-0.00750641	-1.99213	58.7135
-1.51692	-0.358819	0.383773	1.71946	1.95689	57.3036
1.24792	-0.890608	-1.04265	-1.40128	-0.30817	53.8186
1.28583	-1.0022	0.396498	1.546	-1.43595	59.7565
-0.646304	-0.617484	0.225457	0.522597	0.506517	55.1067
1.37544	1.06836	-0.77019	0.264195	0.90998	57.7179
1.46355	-0.959632	-1.97268	0.64913	0.0104391	61.0299
-0.560238	0.954002	-1.46088	-0.71789	-1.83987	58.4432
1.25795	1.19328	-1.32552	-1.60774	-1.46756	61.4186
-1.78599	-0.556702	-0.303563	0.668	0.474311	51.6753
1.80024	0.0157197	-1.73316	1.36321	-0.812525	57.8335
0.161997	-1.40579	-0.654423	-1.50442	0.582557	54.305
0.894905	-1.15512	-0.652619	0.825631	-1.83805	49.9238
-1.5916	1.09855	-0.496081	0.250362	1.93588	61.9562
-0.835966	1.1368	0.379902	-0.0993778	0.00404304	47.9001
-1.48146	-0.120027	-1.27585	-0.227308	0.827394	49.4947
-0.906849	0.168074	0.388962	-0.537492	-0.0214535	54.7702
-1.46274	0.286798	1.35876	1.41773	0.864168	61.8136
-1.83575	1.84333	-0.731094	1.75994	1.89389	59.0808
0.0190821	1.89337	-1.04922	0.714428	-0.702041	53.4786
-0.317326	-0.725825	-0.471475	1.54058	1.08377	54.9257
1.01423	0.823426	-0.578627	-0.844301	1.26342	50.6498
1.9841	-0.840109	-1.71298	-0.572096	1.54994	55.9873
-1.19723	0.00392115	-1.81603	-0.880945	1.41535	55.9111
-0.906882	-0.260647	0.305173	1.04958	1.95738	52.5017
-1.64969	-0.201305	1.03272	-1.09961	-0.0374054	56.2448
1.52859	1.95583	-1.7711	0.903804	1.39173	61.278
-1.05158	-1.88768	-1.27993	0.299017	-1.86329	60.3163
-0.629471	0.623583	1.78336	-1.27475	-1.69062	64.3715
-0.191264	-1.46061	0.510071	0.859694	-1.42996	53.0933
0.902734	-0.416229	-1.80545	-0.0481048	-0.155522	48.792
-0.870958	1.46813	-0.299546	1.11867	-0.450339	58.5887
-0.336044	0.531593	0.478161	0.644047	-0.131898	54.5535
-1.66707	0.35498	-1.84897	1.08905	0.398715	52.9198
1.35073	1.5635	0.330019	0.229901	-1.93232	56.7576
1.91716	0.473059	1.92676	-1.28976	1.37672	60.7411
1.77447	0.172537	1.19195	0.619709	-0.413352	58.5504
-1.97757	-1.50957	0.921499	-0.711457	1.19715	59.7598
0.133664	0.188872	-1.86401	-1.15826	0.130755	49.8832
-1.85971	-0.0850558	1.60702	-0.283628	0.697977	58.1254
0.256635	-1.68604	-1.0813	1.23265	1.31636	53.7555
0.972444	0.152682	-0.872626	-0.728384	-0.372864	46.8992
0.0300213	-1.4244	1.40075	-0.779102	-0.878631	52.9774
0.0277751	0.715807	1.34631	0.994546	0.0819621	47.6616
-0.138187	0.745601	-1.15686	-0.166627	0.913947	48.7405
1.94178	-1.38549	1.9424	-0.265083	-0.887567	63.2211
-0.849939	1.30258	-1.48668	-0.693576	1.91618	62.5381
0.276793	-1.61455	0.988287	-1.54866	1.85929	57.9646
1.27589	-1.81682	0.161822	-0.522311	1.63949	61.1249
0.313338	0.584057	1.79101	-0.499168	-1.35228	61.2366
0.099035	-1.60409	-1.69971	-1.74574	-1.80671	66.6938
-0.138042	-1.46531	-0.866257	1.25974	1.02171	54.8229
1.08525	-0.571821	-0.0529679	0.982237	1.56147	51.241
1.0939	1.37068	-0.532594	-0.415892	1.41554	59.2596
-1.69627	0.50446	1.5608	0.375694	1.23377	55.2905
-0.715066	0.350545	-0.877855	-1.76042	-0.669059	60.4532
-1.29869	-1.54859	1.95348	1.77107	-1.96389	66.6488
-0.233581	0.251418	-0.142115	-0.994634	-0.0489622	49.4251
-0.019485	-0.753995	0.0170166	-1.76247	1.26038	55.901
-1.09437	0.216494	0.924465	0.3551	1.22212	52.7524
-0.421952	-0.45641	-1.12067	1.90626	-0.86082	59.5594
1.44232	-1.6418	1.16333	-1.52346	-1.57772	61.3029
-1.83813	0.560563	-0.279449	-0.951561	0.883015	58.1512
-0.726843	1.8948	-0.255557	1.37499	1.84595	63.7336
-1.97918	-1.89414	1.2967	-1.29764	1.39407	59.2857
-1.16997	0.76345	-0.729482	0.186379	-1.16805	48.8841
1.58198	1.92531	1.26798	-1.03262	-0.545295	64.5854
-1.74347	-0.719742	1.83473	-0.631863	1.48596	61.535
1.03448	-1.77979	-1.01179	0.527815	-0.623192	56.5777
-1.33266	-0.985931	-0.335141	-0.526627	1.944	53.5558
-1.87187	0.330631	-0.0712472	-1.8373	-0.651012	56.3697
-1.12018	0.522252	-0.524848	1.34938	-1.43339	63.1008
0.100603	-0.605025	0.728903	1.09312	-1.79126	49.4461
-1.00378	0.0361076	1.35822	-0.214775	0.921222	54.8948
0.873169	1.26615	-0.569267	-0.42335	0.290163	58.206
0.146846	-1.61982	0.268293	1.43291	0.380733	51.6887
1.36063	0.944098	-1.92867	-0.272669	0.38572	59.7637
0.696165	-0.273362	1.42004	-0.401758	-0.66471	55.3011
-1.85826	-0.0172245	-1.37413	-0.478174	0.89496	55.0955
-1.64242	1.05092	1.31563	-1.80982	1.64896	57.5024
1.88063	-0.87444	1.67806	-1.40912	-1.14616	62.6339
0.782842	-1.85882	-0.61094	0.132121	-0.267982	54.9767
-1.86073	-0.829384	1.89944	-1.31785	1.72094	65.4041
1.88892	1.59194	0.522274	1.99428	0.550583	65.3678
1.5748	-0.849321	-0.714151	1.86675	-1.30349	59.6769
1.59551	-1.98251	-0.827515	-1.9506	0.349322	64.2889
1.78705	1.29283	1.23826	0.20387	-0.0391118	60.1103
-0.607372	-1.09381	-0.36444	-1.21319	1.90142	58.6043
0.575102	1.47266	-0.302286	-1.37256	0.711118	58.1171
-1.57234	1.5748	-1.51892	0.0505585	0.0372397	54.6362
-0.409713	1.46116	-1.86197	0.405433	-0.769416	57.8159
0.386056	-1.08743	-1.73822	1.17375	-0.602542	53.0234
1.42844	1.54245	-1.13845	-0.798365	-0.274586	57.5034
-0.0990314	1.41261	1.84056	1.68119	1.47118	59.4494
-0.763386	-1.41503	-1.66467	-0.781576	0.245608	55.9485
-0.664358	-0.505773	0.610495	0.704743	-0.738402	51.4608
0.881537	1.99278	-0.0311878	0.271646	-0.536908	54.0398
-1.80074	1.79156	-1.59691	-0.990774	1.91937	62.6645
1.74205	0.0354219	-1.97954	-0.0935293	-0.385601	56.7687
1.72445	0.32116	0.469467	0.433671	-0.849223	60.5999
-1.30554	-0.403165	0.481003	1.50054	0.764252	60.9
-1.4936	0.388978	0.122055	0.460008	-1.73514	62.3449
0.0600108	-1.24857	0.553254	-0.858155	-0.0152824	50.9872
-0.0720806	-1.27702	0.577398	-0.504468	-0.749453	54.4818
-1.53978	-1.5722	-1.55556	-0.834626	-0.937112	55.9998
-1.87872	1.97399	-1.44362	1.81482	1.01513	59.2037
1.6973	-0.912568	0.163967	-0.153674	1.97144	55.0554
-1.58463	0.290312	-0.441576	0.517901	-1.94819	60.7145
-0.076564	-0.679115	-0.235396	-0.147362	-0.385267	47.2777
-1.34843	1.93019	0.753004	0.850097	-0.900324	59.8143
-1.58584	1.34921	-0.208621	-1.73569	0.712994	57.0285
-1.64609	0.300031	-1.5614	-1.54866	-1.19042	56.5654
0.36203	1.52144	-1.2136	1.78902	-1.33331	55.7203
-1.18877	0.696097	-1.95244	0.31165	0.941791	55.139
-1.29923	-1.64465	0.968419	0.621768	1.08045	54.4029
-0.650694	1.51841	1.72093	-0.411534	-1.58324	61.8416
-0.833264	1.48513	1.65887	-0.0196098	-1.69612	64.2081
1.5701	1.33206	-1.85444	1.44614	0.880451	62.1604
-0.92537	-1.25916	-1.2276	-0.964926	0.253001	53.0121
-0.840549	1.62876	1.58787	-0.748384	-0.121596	53.3418
-0.000309818	-1.73797	0.34385	-0.687827	0.385247	53.9786
1.14711	0.146151	-1.59945	-0.0672795	1.75287	56.7569
-0.202291	0.156977	-0.71816	-1.51772	-0.43927	55.9818
-1.5953	-0.237471	-1.31184	-1.88827	0.318809	54.0695
1.0253	-1.61971	0.335877	0.988613	1.88242	57.9648
1.92977	-0.999771	-1.4512	0.597428	-0.336115	61.7198
-0.00535392	-0.945719	0.813062	-1.60186	1.71268	55.7614
0.236492	-1.95778	-0.689123	0.0498271	1.33357	58.319
0.993159	-0.869323	1.35512	1.24948	0.701593	58.7013
-1.74717	-0.950472	0.309005	-1.94668	-0.477306	56.967
1.78072	-0.966328	-0.714047	0.339301	1.7959	61.2651
-1.11431	0.558873	-1.53011	-0.815391	-1.63836	60.9979
0.340214	-1.28779	-1.58298	-0.355194	-0.715641	57.3857
1.19684	-1.93449	1.12509	-0.733557	1.09571	53.8415
-1.23678	1.75352	0.921403	0.914103	-1.63845	60.086
-1.8559	-1.62825	-1.31848	1.35672	1.51728	65.3663
-0.217209	1.00791	1.11858	1.67045	-0.222918	48.7086
-0.107013	-1.85393	1.43519	1.98894	0.830229	62.8573
-0.97871	1.34004	-1.31739	1.8457	-1.47089	61.037
0.848634	1.00218	0.266146	-1.05205	0.471296	48.5808
1.1532	-0.661315	1.10998	1.46874	-1.42367	52.9967
-1.37176	0.504239	1.73302	-0.946012	1.3687	63.6029
-0.143469	-0.15687	0.863022	-1.12708	-1.3118	50.0881
-0.431272	-0.285227	-0.0782643	0.155613	1.79328	48.1684
-0.201629	0.258105	0.34729	1.75919	-1.05076	54.8199
-0.438821	0.93306	1.50996	1.38339	-0.592917	57.6165
-1.33833	1.08887	0.202395	0.6841	0.927049	53.2349
-1.58536	-0.879722	1.35092	-0.686414	-1.28157	55.6093
-1.77328	-1.93627	-1.43014	-0.799899	-0.970495	59.6586
1.34242	1.58205	-0.780498	1.61873	0.685333	55.533
0.372502	-1.02336	1.9199	1.98403	-0.685674	59.2328
-0.512258	-0.40423	1.87455	-1.37801	1.09721	60.3824
0.598838	-0.453057	-0.289306	0.188459	-1.89454	56.7751
-0.451124	-0.427241	0.402746	-1.77245	1.96618	63.2447
0.250856	0.499241	0.563421	0.168789	-1.23815	55.162
-1.22713	0.846811	-1.80703	-0.881593	0.667976	57.6196
-1.09572	1.06156	1.58234	1.70902	1.66173	63.4338
-1.71395	-0.753574	1.66788	1.31661	0.0153197	62.1965
1.30563	0.934901	-1.96439	1.95827	-0.141622	58.8613
0.672506	1.46645	-0.540724	-0.817832	-1.30536	55.8803
1.64922	-0.518727	1.97335	-1.86155	-0.404524	60.6785
1.55213	0.520428	-1.96703	-1.35831	-0.223704	62.2637
-1.13106	-1.74062	-0.685041	1.02645	-1.0077	49.721
-0.693778	-1.90582	-0.421316	1.89301	0.185197	61.6967
-0.507161	1.69707	-1.8318	-0.555824	0.621406	63.2647
-0.756191	-0.106742	0.18781	0.425769	0.418611	47.4141
-1.63386	-0.387993	1.17474	-0.894221	1.67305	63.7106
-1.08238	1.93804	1.93431	-1.47995	-1.76804	67.1264
-1.89097	0.666842	-0.999785	0.151339	-1.07624	50.7846
1.67885	-0.37495	1.31427	1.31056	0.227416	55.8891
-0.756664	-0.587812	1.46305	-0.67773	-0.0832354	57.624
1.6191	-1.54566	-0.436107	1.3783	1.14005	56.8202
0.444798	0.996771	1.16637	0.711653	0.871012	55.9738
0.388859	1.83423	-1.72013	-1.1125	-0.275225	58.7856
-0.765342	0.382142	0.409084	0.760367	-1.85488	54.0519
-0.637	-1.77867	1.79236	-1.38381	1.28621	55.9938
0.858503	-1.69825	-0.658584	0.674275	-1.37021	57.1855
1.77828	1.40514	1.75813	1.20434	-1.86684	63.4382
0.653999	0.226371	1.06458	0.851262	-1.03644	50.3168
-1.31192	1.09547	1.68615	0.748165	-0.159492	52.9785
-1.21895	-0.191482	-0.228112	-1.41456	1.67387	57.0066
-1.92452	1.81206	0.0288489	1.13249	1.75136	54.8988
-1.20554	-0.813157	-1.12542	1.27816	0.44039	51.6511
0.0986281	-1.6166	-1.04316	-0.708692	0.744676	49.7022
-0.238966	1.50767	0.687138	0.318388	-1.49101	56.1205
0.530669	1.30698	0.0863275	0.804607	-0.39049	53.7087
1.1343	0.689843	-1.04354	1.88549	1.84287	53.2344
-0.875081	0.0218232	0.221663	-1.37747	-0.49704	48.5783
-0.560535	-1.13582	-1.01217	-1.38265	0.199345	53.7388
-1.07224	0.329904	-0.0566677	1.37494	1.12539	49.8815
-1.49308	0.108704	1.09193	-1.82241	1.47164	53.5541
1.89845	-0.0256806	-0.897424	1.25975	0.200157	52.1366
-0.35228	1.41415	0.377118	-1.30342	-1.62989	64.5945
-0.752467	-0.717184	0.999696	-0.316495	-1.89993	52.393
1.08221	-0.695467	-1.16349	0.925152	0.224444	47.1496
-1.86258	1.57609	-1.94791	1.97506	1.10823	59.2824
0.933491	-1.7396	-1.67578	1.38142	-1.45653	66.9973
-0.529941	-1.61817	0.64775	1.66391	1.88639	60.4889
-0.702304	-1.3087	0.999236	-1.18653	0.588139	53.9746
-1.5206	0.156717	-1.96524	0.796387	1.64466	56.9545
1.80612	0.211684	0.347913	0.872914	-1.31205	58.9223
-0.737068	-0.0575943	0.142313	0.90136	-0.79589	48.9398
-1.67961	1.01545	-0.256886	-1.55578	0.0355641	57.4534
0.33328	1.24984	1.65358	1.31981	-1.48866	61.4644
-0.608327	1.9685	-1.76684	1.47275	1.79867	61.252
-0.705029	1.03639	1.66337	1.8038	-0.176551	57.802
0.288236	1.89195	0.975018	0.654644	0.595613	54.7048
-0.187618	-0.0161577	-1.94752	-1.86103	-1.74038	59.1381
-1.28444	0.88717	0.837426	-1.48819	0.572408	59.9002
0.355985	-1.93337	-0.502993	-0.260619	-0.0787108	57.868
-1.84384	1.66149	-0.892452	-0.832627	0.209417	57.2598
0.667127	-1.58514	1.59041	-0.0779681	-0.112258	57.7446
-0.553822	-0.311037	0.584883	-0.0578211	0.757863	49.8919
1.3626	0.883473	-1.9513	0.650564	-0.0377202	56.5436
1.64571	0.935962	0.772144	1.74977	1.90907	59.0017
0.899946	-0.839966	-1.57935	0.443778	1.01147	51.9692
0.590744	-0.253091	0.984781	-0.446961	-1.35776	51.5716
-0.503183	-0.0499606	-1.98186	0.0184006	-1.06112	54.5422
0.0695941	1.60774	-0.868503	-0.549457	-1.45499	52.8902
0.81242	1.81935	0.629594	1.1233	0.565123	55.4722
-0.188652	-1.1505	0.540378	-0.0976196	-0.9508	48.2612
-0.436708	-0.499086	-1.596	1.60012	-0.236936	57.8941
0.358822	1.57356	1.22115	-1.62073	-0.0538492	60.1689
-1.06285	1.33972	-1.2884	0.212537	-0.101061	56.6589
1.44404	-0.968207	-0.995742	-1.99043	-1.947	58.7826
0.464887	-0.644461	-1.63831	-0.602034	-0.458088	60.2073
1.43788	-0.0917247	0.802994	0.264871	1.00414	54.7584
-1.72576	-0.353207	-1.54599	0.197415	0.0186907	52.5733
1.2391	-0.114673	0.883244	-0.845148	0.274487	46.5428
-0.590028	-1.00626	0.82776	-1.43855	0.999902	55.5055
0.973966	1.50621	0.910398	1.05911	-0.174654	51.918
0.0808925	0.318874	0.953187	1.79661	1.66331	56.946
-0.56573	0.597386	1.09593	-1.81481	-0.0950505	57.6117
-0.402861	-1.23433	-1.99406	1.82945	1.27492	60.6339
-1.42976	1.13439	-1.64965	-1.18315	-1.30305	56.9041
-0.518899	0.214766	1.3209	1.75256	-0.705102	61.663
0.677832	-1.44477	1.58611	1.89597	1.33635	64.2732
-1.62285	-0.720481	0.149634	0.610076	-1.2463	53.351
-0.786273	-0.450236	-0.558107	-0.272366	-1.09113	58.1584
0.368585	1.0753	-1.91062	-1.17932	-0.936748	53.7046
-0.751653	1.70195	0.971678	1.87276	-1.06904	52.7814
-0.61166	-1.90119	1.94299	1.57864	-0.352704	65.1374
0.729654	-0.892063	-1.93133	-0.124342	-0.0177358	48.1838
-1.84601	0.403226	-0.000116384	0.587713	-0.84282	50.9299
-0.381324	-0.110052	0.163608	0.806929	1.25662	54.6469
-0.0268001	0.226123	-0.617848	-0.907538	-0.341484	52.7118
1.47672	0.796148	-1.93245	-0.919002	0.580216	54.6484
0.483539	1.87586	1.07131	-0.453846	1.16969	60.8383
0.436814	0.435546	1.08757	-1.93318	1.12075	56.4657
1.62749	-1.13569	0.89588	-1.22909	1.43866	59.5288
-0.537394	-0.205249	0.364089	1.3546	0.56606	58.8268
0.0171753	1.45261	-0.315355	-1.70902	-1.0489	58.6879
1.06716	1.44994	1.42926	1.56314	0.0144498	60.3533
0.719814	-1.57063	-0.984367	-1.98007	-1.24664	59.0971
-0.736276	0.135364	-0.35035	1.68622	-1.396	60.6428
-0.735992	0.0451187	0.0671967	-1.31254	-1.0916	51.7344
1.28904	0.0366059	0.385097	0.690313	-0.505133	51.7713
-0.669723	-0.31706	-0.428949	1.62091	-0.403638	53.453
-1.81625	1.1548	-0.171389	1.4485	-0.277314	56.514
-1.92852	-1.45787	0.831437	-1.08428	1.19376	57.5022
-0.776634	-0.994693	1.40739	1.0989	-0.393129	51.3002
0.529232	0.577171	0.0260316	-0.0225494	0.639587	46.9143
-0.0147022	0.5983	0.384301	-0.587118	-0.425683	54.9457
-0.725844	1.78307	0.0493816	-0.457633	-1.88254	51.5785
0.337756	0.69775	-1.528	-1.34332	0.594102	53.643
-0.693922	1.1722	0.602324	-0.501445	1.40373	56.9386
-1.2512	0.38195	1.80376	-0.755134	-1.54738	54.5254
1.08984	-0.512157	1.68854	0.917768	1.72018	59.6866
-0.861133	-1.05472	0.0534525	-1.43904	-1.35675	49.8581
1.51394	0.585038	0.172141	0.838738	0.45746	55.9529
-1.45319	-0.359973	-0.195167	0.147176	0.663322	56.0703
0.616276	-1.16384	0.78258	1.47649	0.170155	52.8865
1.27945	1.1672	1.39958	-0.456482	-1.14724	59.0583
1.11602	1.99854	-1.1118	-0.375446	0.00103619	50.0496
0.913709	-0.308551	-1.70935	1.44121	1.13571	53.8142
1.25949	-1.40961	-0.0504743	1.79362	-1.38368	59.7253
0.814535	-1.54853	-0.0606545	0.0511393	1.21124	55.6248
0.257892	0.509935	0.928879	-1.44527	1.11493	55.4067
-1.83658	-0.210358	-0.515383	-0.272558	0.797484	55.0165
0.250767	-1.33371	-1.29852	-1.32706	1.25898	61.113
1.94527	0.369887	-1.18507	-0.863967	-0.821499	59.4018
-1.77199	-0.163334	-0.609748	-0.84988	-1.34586	53.9205
-0.756268	-1.45428	-1.97359	1.70165	-1.51923	59.8603
-0.603202	1.07069	1.11131	-1.8342	-1.94493	59.3029
1.67095	-0.554947	-1.41049	-1.53259	1.62783	69.1472
-0.557547	1.11743	-0.834357	0.330248	-1.8153	51.5538
-0.239642	1.18133	0.654515	-0.12936	-0.011889	46.2713
-1.56775	-1.72369	-0.039485	0.314607	-1.79807	59.5555
0.791911	-0.660717	1.41162	-1.95215	-0.520363	61.7939
-1.38677	-0.639677	-1.22207	1.39001	-1.17095	60.9907
1.40561	1.55897	-0.623422	0.553314	1.87719	65.6208
-1.13485	0.636166	-0.842025	1.65463	-1.82838	55.7
-0.803352	-1.4334	1.2887	0.327329	0.503647	57.5839
-1.79776	-1.78013	0.383853	0.981293	-0.770565	60.1066
-0.945394	-1.68654	0.82602	1.28424	-1.03266	55.3574
0.283675	-1.27018	-1.40713	0.838633	1.40715	54.3642
1.39574	0.634984	1.52423	-0.5055	1.01974	54.3305
0.841824	-0.371094	1.50782	0.726462	1.57529	53.0617
0.463596	0.873175	1.42915	-0.611651	1.23761	59.6287
0.278857	-0.637688	-0.0461665	0.197159	-0.891927	48.5849
0.217289	-1.07807	1.11408	-0.282595	-0.896846	52.4279
-1.65431	-1.16308	1.87408	-1.86903	-0.136363	60.8955
0.52133	0.879276	-0.0130233	0.565205	1.04869	48.5947
0.204337	-1.55104	-1.52433	0.161478	0.389128	55.7051
-0.411524	-0.101703	-1.92934	-0.944455	-1.78156	51.497
-1.85339	1.34224	-0.926206	1.08817	-0.741915	59.4424
-1.63901	-0.873869	0.623108	1.15314	1.15302	59.3696
1.92832	0.588208	-0.701211	0.613184	-1.79567	55.9388
0.0311305	0.590533	-1.43755	0.208681	-0.795723	50.6716
1.2263	0.0178587	0.506914	-1.34162	1.09746	55.979
0.264903	0.966121	-1.22176	-1.16338	-1.78085	55.2503
-0.57208	-0.319255	0.425613	-0.519765	1.71477	52.6666
-1.35273	-0.609379	0.397139	-0.501075	1.65492	62.0384
-1.51069	-0.429076	0.389051	0.500121	-0.278844	51.6812
-1.76809	0.774172	-0.595423	-1.22685	-0.101116	55.2065
-1.82791	0.599828	-1.11534	1.82315	1.17568	55.4307
-1.87539	-0.510573	1.11247	-1.05159	1.942	52.3603
-1.38846	1.63569	1.03301	0.0643684	0.161637	52.5101
-1.04689	1.47834	-1.41303	0.727103	0.208971	58.8922
0.415175	-0.746557	-0.94113	1.88499	0.852381	56.1307
-0.741189	1.12946	-1.33835	-0.0228363	0.718255	55.3659
0.635695	0.834222	1.57159	0.0864752	-1.17451	59.6207
-1.67539	1.43679	-0.0421397	-0.780322	0.139525	52.3271
-1.09064	-0.483675	0.480011	-1.49412	1.32816	55.3526
-0.25216	-1.7387	-0.954296	-1.99031	-0.132513	57.6478
0.780039	1.61163	-1.1056	0.44792	1.99657	55.4332
0.701111	1.12846	-0.347737	-0.807599	-0.203748	56.8174
-1.14161	-0.122602	-0.182535	0.308954	-0.94172	53.0038
0.37399	-1.79913	-1.21835	1.57128	-0.740011	54.91
-0.777705	0.720093	1.36291	1.17969	1.33405	51.7731
-0.443799	-1.22729	0.799302	-1.60988	1.2748	60.2954
1.18906	-0.123433	-1.78457	0.469804	1.12639	54.5304
0.690617	0.389182	0.92664	-0.396188	-0.357332	53.9612
-1.31394	-0.279216	-1.93849	0.302919	0.493932	56.8709
0.891077	-1.18875	1.41125	1.95277	0.764056	60.6846
1.81294	1.44198	-1.76698	-0.313014	1.68691	60.7669
-1.12933	0.24087	-0.757152	0.248753	-1.99783	51.4541
0.655162	-1.4701	0.113446	1.72576	-1.62821	57.4696
0.258224	1.788	-0.161616	-0.2693	1.05249	56.1087
-0.613623	0.192621	1.65724	0.19669	-1.89463	55.4919
-0.687979	-1.66003	-1.93256	-0.590297	1.23935	58.4361
-1.07925	-0.746664	0.275555	-1.52675	-0.463244	56.1615
-0.774816	-0.997338	1.72645	-1.18919	1.41366	54.0163
-0.64559	-1.41759	-0.0850923	-1.68419	-1.4292	62.1974
0.664386	1.4833	-0.631256	-0.418512	1.97862	61.5644
1.18485	-0.0435595	-1.07414	-1.65211	0.80506	58.2345
-1.97713	1.45771	-0.134521	-1.02397	-0.294625	57.4607
-0.454305	-0.271591	1.16679	-1.46021	0.341905	61.0405
-0.25433	0.698404	-1.7749	1.14854	1.46436	52.5398
-1.98165	0.675192	-0.994061	1.40743	0.190013	51.2473
0.754667	-1.02605	0.788403	-0.409626	-0.881307	52.042
-1.5432	1.40821	-1.29964	-1.12992	-1.29709	55.8697
-0.35403	1.93969	1.37903	-1.28853	-0.815563	56.0237
-0.00869967	-1.39148	0.625604	-1.86681	0.734901	60.7608
-0.719167	0.439076	1.44427	-1.08076	0.0128425	54.1528
-1.01289	0.595643	-1.93597	1.10456	-1.17759	55.4121
-1.12517	1.72666	0.858725	-1.30049	1.07152	56.0439
1.32266	0.269009	0.739706	-1.71633	-0.609339	56.7209
0.0061399	-1.52447	1.79825	0.0102419	-1.98631	62.3474
1.93286	1.54138	-0.307066	0.449017	0.0104581	57.8994
-1.46672	0.130484	0.215262	-1.03721	-0.492994	50.4207
-1.35081	-1.42019	-1.75721	0.133005	0.318934	59.968
1.72396	0.405967	0.374391	-1.50672	-0.519469	58.3163
0.822656	-1.81059	-1.52754	-0.257021	0.188614	51.7321
-0.254006	0.859952	-0.259328	1.75612	-1.9334	61.2446
-0.881509	0.2782	-0.898213	-1.66576	-1.56713	59.2255
-0.190062	-0.948339	-0.841617	-0.781225	1.88864	51.9411
-0.994329	1.2046	0.509244	-1.71028	0.460177	58.4724
-0.342232	-1.62098	-0.0479867	-0.657324	0.0355854	54.1341
1.36767	0.435103	-1.6805	1.44603	1.29605	61.8978
0.519539	-1.31497	-1.36182	-1.32388	0.847504	52.9919
-1.39498	0.586241	-1.22258	0.340915	1.99701	55.9597
0.466783	-0.776955	1.71838	-1.91679	0.293114	56.2044
-0.402	-0.296815	-1.56585	-1.9889	0.558516	61.2838
-1.90391	-1.95102	1.45262	-0.565288	-0.476659	63.6213
0.508025	-1.78324	-0.862633	0.385019	-1.65736	58.5185
-0.864522	-1.66215	0.0761641	1.35236	-1.16382	55.7613
0.501618	1.14342	1.21305	1.96288	-1.43296	61.9769
-0.767189	0.213515	1.14166	1.047	1.93164	56.6315
0.581535	0.406697	-1.84833	-0.694263	-0.799925	57.8877
-0.245546	1.96853	-1.48449	1.01493	1.0744	52.4724
1.55441	-1.28123	-0.887456	0.00358528	1.9901	62.3316
-0.812144	0.437288	0.779135	-1.182	-1.68486	57.7192
1.69248	-1.1187	1.42357	0.0656028	0.0794689	57.0595
0.23139	1.91382	1.9474	-0.613735	1.27064	61.3883
-1.17443	-0.0337463	0.302879	-1.04292	-1.65798	53.7827
-0.963285	-1.03601	1.20602	0.0240064	-0.600905	48.8428
-1.47159	1.81625	0.771868	0.128836	1.93708	55.7261
1.78907	1.70625	0.861443	1.16506	-1.59163	58.0405
-0.415792	-0.517274	1.31603	-0.569028	-1.84328	53.8279
-0.53925	-1.15328	1.73147	1.8645	-1.81113	58.4224
0.060591	0.799389	-0.109366	0.965788	-0.189023	47.3002
1.69027	1.15553	-1.97832	-0.709072	1.94582	61.1284
-1.67444	-1.48394	-1.01578	-0.161434	-1.84445	61.777
1.86503	-0.731484	0.660227	-1.81596	-0.563099	56.8159
0.081644	1.27658	0.03804	-1.89824	1.09537	52.6047
-1.01132	-1.72181	1.21271	-0.835742	-0.797496	54.932
0.64151	-1.99397	-1.4468	1.56356	0.554626	61.0547
0.130055	1.56414	-1.86809	-1.39413	-1.59742	59.1491
0.0366503	-0.912717	-0.543735	-1.06146	-0.597186	47.5105
1.12056	0.379025	-1.44264	-0.306842	-0.00255423	52.2426
1.62965	1.9194	-1.59775	0.193122	-0.688805	56.4551
-1.20738	-1.05411	-0.377613	0.0763055	1.869	49.2806
-1.99624	1.98787	0.554674	1.82552	-0.848044	62.6143
-1.80949	0.186998	-0.432956	1.48448	1.54072	65.6166
0.441291	-1.65557	-1.44247	-0.947807	-0.446756	61.4663
1.155	0.118498	1.27348	1.80646	-1.51857	55.7131
-1.34503	-0.691315	1.52678	1.36339	-0.343342	59.7104
0.59963	0.986689	0.113947	1.71691	1.26591	58.0251
0.328817	-1.44365	0.00861449	-1.07463	-0.0211648	54.9918
-0.341217	-0.283442	-1.93938	-1.07431	-1.19413	58.4311
0.378841	0.284734	-1.91637	0.7209	-0.613242	54.1332
1.02884	1.96861	0.409385	-0.259226	1.02762	52.5504
0.00596369	-1.31407	-1.73596	-0.543972	-0.781117	53.1001
-1.16725	-0.567906	1.49939	0.443514	-0.794129	56.2696
1.53879	1.92537	1.83748	-1.51305	1.89617	65.745
1.90045	1.99759	1.41438	0.375918	0.530195	57.1204
-1.30839	0.249668	1.59092	-0.131003	-0.368989	51.2039
0.0737278	0.685098	1.27268	-0.593842	1.48108	57.7921
-0.325508	0.857408	1.44617	1.10303	-0.520132	57.605
-1.08214	-1.51789	1.04183	0.998327	1.29331	55.6569
0.8589	-0.770586	1.94261	1.69721	0.801229	60.3567
-1.6158	0.770086	0.374148	-1.91258	0.182749	53.6706
-1.52765	-0.474389	-1.63568	1.56722	1.53177	62.6223
0.635857	-1.22045	1.92605	1.52296	1.37079	61.0584
1.40471	0.668553	-0.553892	-0.167426	1.37015	54.7974
1.28816	-1.16284	-1.7099	-0.989663	-0.178618	58.8102
-0.163436	-1.56295	1.10439	-1.32425	1.90045	62.971
-1.99002	0.858891	1.09758	-1.60579	-0.941525	56.2058
1.7266	1.87292	-1.81392	-0.0932859	1.11406	58.4998
-1.12512	-1.4808	0.10852	-0.534083	-1.80948	62.2954
0.745045	0.476196	-0.262792	-0.764373	-1.94869	50.8706
0.65851	-0.596203	1.20631	-0.658579	-1.61707	58.2499
0.194147	-1.77589	1.65123	-0.706996	1.98418	64.4787
0.62268	-1.57	1.69176	-0.0495516	1.5884	55.9096
1.84415	-0.0789267	-1.58816	-1.673	-0.791768	60.7434
1.8438	-1.28498	0.524941	0.149499	1.85906	58.2316
-0.940624	-0.137526	0.0794298	-0.504925	-0.658328	46.6292
-1.87977	1.61218	-1.76494	1.29039	-1.69738	59.8079
-0.0560719	1.61458	1.24289	-1.09403	-0.406861	53.6303
-1.94398	-0.601968	-0.102033	-1.17982	1.11361	54.1162
-1.05004	-1.89928	0.238437	0.906359	-1.92451	54.0683
-1.75357	-0.0273806	0.650467	-0.292594	-0.608502	53.4819
-0.730189	1.72475	1.60195	0.595464	0.141557	52.5327
-1.02577	-1.0556	0.779017	-0.343661	-1.17469	51.2177
-1.04386	-0.669805	-0.879615	-1.09718	1.80313	50.6044
-0.246215	-0.925839	0.63617	-0.823609	0.103077	50.5064
1.88996	0.437239	1.54197	0.262681	-0.0790551	60.4923
-1.61105	0.529051	-1.68561	-0.392463	-1.19997	58.7265
-0.899198	0.233843	-0.0491257	-0.997437	1.13045	49.1
1.70936	-0.111307	-1.45846	1.83749	-0.821126	59.7831
-1.36805	0.814475	1.3193	-0.187853	0.409693	55.6445
-1.45524	-0.951296	-0.537051	0.567982	0.773457	56.5352
1.69921	-1.12631	-0.411873	-1.30714	0.91958	51.7054
0.713078	1.1489	1.65685	0.515324	1.98363	54.8362
1.63028	-1.46167	-0.489744	1.06522	-1.1931	58.9775
1.90364	-0.817533	0.380058	1.88432	-1.70687	55.7222
-1.82483	1.79721	0.857318	-1.10197	1.14057	54.154
-1.2615	1.73909	-1.39968	0.533055	0.508446	60.0432
-1.69079	-0.499209	1.45612	-0.935693	-0.930364	60.3433
-0.0843335	-0.42252	-0.379782	-1.49048	-0.510731	60.5573
-1.69412	-1.14158	1.43028	-1.87815	0.621179	55.287
-1.93676	-1.56877	1.16426	-1.75002	1.08154	65.8372
1.13242	-1.4237	0.770487	1.45358	1.26311	57.5621
-0.631188	0.0706403	-0.899503	0.0304924	-1.88096	54.0857
-0.402285	0.244307	-0.583607	0.142836	-1.27106	58.155
-0.196471	-0.607125	0.331007	-1.46914	-1.7052	59.5145
0.928389	0.346431	-1.62759	-1.25896	0.653256	52.6701
-1.56018	1.56283	-1.2216	-0.411625	-1.16721	65.322
-1.62957	1.76077	1.96172	0.349324	0.231643	56.902
0.346171	0.0887748	0.805086	-1.57478	-1.93156	61.4214
-0.879351	1.33231	-1.56745	-1.52766	-1.55339	66.1026
0.730823	-1.81107	0.0281104	0.109421	1.81272	50.34
-0.0924935	-1.76927	-0.0558323	-1.72163	-0.986482	55.9953
1.92387	0.663708	-0.933369	1.06381	0.770864	49.5059
1.93019	0.335167	1.96567	-0.13092	-1.38751	57.1851
0.202386	-1.29787	1.56341	0.587103	-0.0203753	55.3001
0.375566	-1.16637	0.92711	0.146096	0.270697	47.1858
1.13392	-1.8267	0.429217	0.390913	1.78095	59.6549
-0.480646	-0.804057	0.149959	1.3172	1.5525	55.3431
1.0548	-0.00954819	-1.06901	0.127402	1.08633	51.9951
0.920695	-0.507187	0.15663	-1.86174	1.63887	54.0032
0.463947	1.89064	1.44764	1.99764	0.263323	64.991
0.346842	0.422819	-1.44443	-1.4523	-1.79674	55.922
1.65474	1.59198	0.426705	1.10587	-0.901643	58.1856
-1.70101	-1.82704	-1.02641	-0.153957	0.191221	59.6896
-0.26279	-1.05217	-0.533136	-1.8421	1.92422	52.6539
-1.80945	-1.22186	0.146691	-1.22884	-0.387091	50.8957
-0.148293	0.896148	-1.70988	-1.21194	-0.829875	49.723
1.68437	1.2045	1.7657	1.82966	0.864572	60.3819
-1.26513	1.22735	-1.3252	0.959396	-0.0982322	53.874
-1.76062	-1.13162	-1.32738	-0.299383	-0.512432	55.2195
0.473776	0.696535	1.6879	0.902911	-1.84937	55.182
-1.49825	-0.134824	-0.739941	-0.262817	0.235743	56.5267
0.00990795	0.92157	-0.0680635	-1.24627	0.451112	48.2138
-0.152666	-1.67125	0.252196	-1.04052	0.943123	49.6903
-0.552715	1.37984	1.055	-0.738252	-0.168877	59.0942
-1.78958	-1.07985	-0.84251	0.275082	-0.380058	52.8774
0.518168	1.55991	1.25474	-0.956599	0.207778	55.4029
-0.747773	1.62628	1.03992	1.34585	-1.26777	56.3846
-1.42123	-0.775678	0.390468	-0.965122	-1.12294	59.1472
0.284569	-0.0656333	1.57676	-0.758764	1.86416	58.339
-0.178123	1.27221	-0.744893	-0.228962	-0.0390301	47.8384
1.54942	1.59205	-1.33121	0.687451	-0.992739	54.443
-1.46203	-0.943912	-1.44052	-1.76853	0.951361	57.8501
-0.0499516	0.181466	-1.1077	-1.44394	0.154092	52.1106
-1.44496	0.838839	-1.63187	0.075924	-1.29567	59.3495
0.459889	-1.20021	-0.584697	-0.720951	1.92904	53.6143
1.6481	1.75912	0.649301	-0.521595	1.23903	57.0884
0.245163	-0.0950374	1.64117	1.71713	-0.421466	57.8839
0.273064	1.29032	0.52572	-1.37846	-0.775819	53.6377
-1.97282	-1.02244	0.137621	-0.0286128	0.487437	49.9542
-1.34914	-1.38659	0.000461894	1.3535	-0.242533	55.9669
1.7077	-1.87618	0.860922	1.69325	1.45102	59.2426
-1.4262	0.408263	1.13465	-0.481437	-0.156465	51.3853
-1.56344	-0.52121	-1.42104	-1.29757	-0.578086	55.2569
1.51197	-1.03495	-1.0402	0.0783775	-1.56698	52.6262
-1.46823	0.394705	0.789489	-0.940956	-0.856522	53.9797
-0.0636984	-1.09646	-1.39041	-0.904071	1.56339	58.3048
0.712556	1.74037	-1.87912	-0.0377344	-0.275847	50.872
-1.44296	-0.345733	0.472957	1.9025	1.44555	60.1389
-1.49056	-1.65632	-0.268623	-1.62576	-0.279582	64.5395
1.28971	1.65483	1.92478	-1.25709	-1.49173	65.3898
1.35983	-0.558859	-0.571375	1.13505	0.667415	54.2656
-0.966758	-1.24537	-1.90594	-0.394291	1.96002	60.4202
0.855862	0.352074	1.51889	-0.0398744	0.787899	54.0908
1.09162	0.583006	-1.59973	-0.19638	0.300487	55.0391
1.95916	0.874713	0.770648	1.91426	0.260078	57.4584
-1.44285	1.06531	-0.376803	1.71313	-1.3055	58.7104
1.42262	-1.55081	-1.54231	1.66187	1.0386	59.8516
-0.755015	-1.06408	-1.06462	1.12271	0.596725	54.7932
0.760133	1.91563	1.92982	0.877559	0.516319	59.1776
1.65256	-0.730088	1.27875	-1.14104	1.81654	58.7483
1.93785	-0.0269678	0.298803	-1.92903	0.986817	56.1336
-1.2437	-1.44043	-1.82152	-1.12607	1.31951	63.1325
-1.49377	1.41681	1.91714	-1.62967	0.707386	57.9776
-1.13096	1.26839	-1.18408	0.871679	1.42446	58.5612
0.617116	1.49483	-1.84727	-1.60418	0.316236	58.623
0.207507	1.14153	0.624074	-0.401196	-0.956227	52.4794
0.664364	-0.642496	-1.94591	-0.00670173	-0.792271	56.3699
1.82614	-1.81314	0.834741	-0.950353	-1.68131	59.7528
-1.33223	-1.74979	0.610905	-1.5786	-0.797138	63.1975
-1.40944	1.91748	-1.25236	0.179028	-0.0540515	51.9695
1.21594	-0.186378	-1.04828	1.45713	0.912695	56.288
-0.685521	-0.292899	0.103503	1.94089	-1.14739	54.5216
0.0337555	-1.64558	-0.990971	-1.14555	0.27105	49.5063
-0.564442	0.367608	-1.89301	0.0536553	0.799687	58.0357
-0.125528	-1.28584	1.35626	1.45608	0.37141	52.9529
-0.183772	1.6843	-0.340002	0.499252	1.85765	57.0172
0.97001	0.0635859	0.790324	0.257716	-1.02002	51.0659
-0.262837	-1.37182	1.05622	-0.935049	0.160834	52.3527
1.085	0.525561	1.0454	-1.71651	1.87138	54.2188
1.09846	0.752547	-1.98518	1.77944	-1.92505	62.0721
0.868675	-1.3951	0.279049	1.03186	-1.85244	61.0275
-0.636032	0.320752	-0.504214	0.825548	-1.29878	56.162
0.899299	-1.57252	-0.932027	1.83986	-0.947984	52.2039
1.48362	-0.155259	-0.482169	-1.28405	1.95411	61.5366
-1.65149	1.71193	0.081471	0.607349	0.0475361	60.271
0.679476	-0.292539	0.564331	-1.72684	-0.956644	52.7792
-1.44969	0.274414	1.19456	1.90658	1.72628	63.9146
1.39416	-0.858524	-1.71862	1.96436	-1.26539	61.7798
-0.376672	1.98364	1.7908	0.0695637	-0.69243	55.5485
1.19228	0.789898	1.15265	0.889804	0.945504	52.171
0.26717	1.44035	1.28291	1.81173	0.622672	54.3211
1.25121	1.30904	1.95471	-0.658948	-0.140288	60.8504
0.885633	0.854099	1.91115	-0.447145	-0.00587738	53.634
-0.840133	-1.82045	1.00962	-0.258769	-1.81837	53.2838
0.88158	0.149668	-0.201691	-1.26255	-1.41183	56.4193
-0.798947	-1.68064	-0.745394	0.3819	1.80515	53.3312
-1.22803	-1.7122	1.20324	1.61766	-0.621093	58.3565
1.61695	-0.706574	-1.1988	-1.68519	-0.347206	60.9514
1.40562	-1.13173	0.600546	-1.65221	1.80931	57.7531
-1.06211	-0.120727	-1.5633	0.266614	-1.96182	59.2652
0.0480829	-1.59533	1.07749	0.465311	-0.908497	50.1035
