1.45451	-0.100246	1.69246	1.22	-0.349719	58.0798
-1.76282	1.82573	0.0779297	0.841698	0.89219	53.5501
-0.264231	-1.36497	-1.0989	-1.31596	-0.0983986	52.2309
1.84964	0.680369	1.80076	-1.6424	1.06343	56.5724
-0.13284	0.238017	-1.38138	-0.450061	-1.49927	56.3722
0.917718	-0.243249	-0.955227	0.246225	1.45467	49.3403
0.729236	0.561216	-0.286804	-0.392057	-1.38202	60.2588
1.68268	-1.52631	-1.02047	-1.9836	-0.459113	57.0819
1.95344	-1.44209	1.56183	1.18836	0.763884	61.376
-1.47045	-0.580466	-1.78703	-0.0544209	0.997853	59.759
-0.896622	0.101667	-0.21238	-1.33869	1.02372	50.3779
-0.372254	0.152204	-1.87404	1.67017	1.48033	61.3295
-0.999683	1.78277	1.0534	-1.80943	1.77375	59.0454
0.643524	-1.48819	-1.65105	-1.88195	1.29829	62.3435
-1.93596	1.07539	-0.599271	0.832407	1.41183	55.0146
-0.7559	-0.334065	0.763029	1.088	-0.890003	49.9245
0.40081	0.18326	-1.72843	-1.95355	-0.0968976	59.6732
1.27217	-1.1283	-1.3501	0.496459	0.197712	57.3831
-1.59228	1.67609	-0.0450585	-0.225313	-0.678109	59.8513
1.96353	-0.845984	0.769536	-1.81112	-1.97202	64.0544
0.911452	0.906962	0.690936	0.267744	-0.0183644	46.0002
0.246266	1.00145	-1.50237	-1.54514	1.61203	60.0056
1.0006	1.32302	-0.470066	1.0207	0.389874	57.0885
-1.3087	0.233957	1.03847	-0.0702744	-0.464205	52.426
1.3065	1.49124	1.60224	0.786785	-1.96498	56.9663
-1.8897	1.39442	0.731673	-0.685043	0.631417	57.5458
0.697985	1.16814	-1.96998	-0.876117	1.73576	62.3561
-0.681405	-1.25818	-0.0944569	1.67159	1.64162	58.288
-1.18725	1.93158	-1.53964	1.94206	-1.24303	56.6035
-0.161535	0.868847	0.281101	1.47997	0.302837	55.5852
-1.37134	0.532403	1.05313	0.497826	-1.83534	62.7519
-1.23302	-0.118156	-1.87705	1.41319	-1.64934	54.8886
1.08792	0.0648837	1.96473	-0.468778	1.18479	55.0541
0.383657	-0.189815	-1.95291	-1.19098	-0.700558	60.2425
1.66829	0.895859	1.16668	-1.09534	-0.535431	55.7805
-1.92241	0.11699	1.62896	1.50885	0.248196	56.4021
-1.4663	-0.742882	0.928267	0.402835	1.48521	57.2903
-0.184479	-0.660546	-1.29416	0.583461	0.2571	52.7913
1.36005	0.197465	1.51619	0.393029	-1.20653	57.6189
0.670313	-1.55543	0.854999	-1.17506	1.77916	60.0666
1.47944	1.78618	-0.167613	0.145462	-0.322564	56.7463
-0.297827	-1.6823	1.34596	1.70894	-1.95955	60.8126
-0.611857	0.0682924	0.953459	-1.23859	-0.163815	55.2508
0.432197	0.646972	0.445715	-1.73444	-0.486631	62.7832
1.92159	0.251897	1.0185	0.715318	-1.6255	54.7257
-0.20041	-0.957706	0.266017	-0.24058	0.44962	46.9277
0.275842	0.34368	0.186359	-1.00757	-0.00591881	53.0437
1.48415	-1.12044	1.10041	-1.51792	1.81534	56.1009
-1.76341	0.47453	-0.47059	-1.16426	-1.56585	59.6523
0.35276	-0.510083	1.59104	-1.08711	-0.274336	51.9982
1.2004	0.344268	-1.16381	-0.464126	1.75119	52.9164
1.06042	-1.55776	0.0495235	-0.816351	-0.112138	47.429
-0.155975	0.142975	1.79658	-0.876046	1.52237	51.3058
-1.57458	-1.99363	-1.71921	0.198535	1.29314	55.6523
1.3955	0.94927	0.91794	0.804575	-1.74473	59.9755
-0.158145	-1.50121	0.522429	-1.70474	0.237387	57.1599
0.143542	-1.61742	0.0479709	0.064805	1.93773	52.6458
1.2578	-1.40102	-0.230204	0.619251	1.99335	61.9311
-0.424881	-0.105243	1.50993	-0.117253	0.894692	55.4984
1.98126	1.97871	0.0488665	1.31714	-1.52992	58.5618
-0.0352027	0.623314	0.763994	-0.414929	-1.66678	54.3854
-0.690646	0.988937	-1.45171	-0.233927	1.50842	57.6825
-0.49668	0.786612	0.757834	1.11677	-1.65877	59.8779
-0.862461	-1.38516	1.41141	0.434942	-0.244556	52.7659
1.47356	-1.84455	-1.61756	-1.48172	0.70092	63.3399
0.601563	-0.477957	-1.7381	0.200228	-0.650278	59.0324
1.90549	-1.06741	0.216336	0.0914994	0.0358488	47.488
0.589415	-0.0446327	0.206954	1.98381	-0.18847	53.6617
1.7649	0.693448	0.30837	0.609182	1.52719	62.8801
1.77409	-1.04079	0.323271	-1.18293	1.19203	60.1736
1.46293	1.09917	0.131429	-1.65187	-0.595755	53.3214
0.623121	-1.74232	0.0716128	-1.04468	0.00646802	55.569
-1.5918	-1.37271	-0.972831	0.666362	0.648541	62.5057
1.18445	1.99477	-0.316211	-1.26462	1.85354	63.7279
1.46969	-1.85036	0.0896627	-0.563705	1.27228	58.1357
-1.54767	0.0664724	-0.674153	-1.93976	-1.21661	60.9073
0.990869	-0.560159	-0.306514	0.849427	0.658405	52.2549
-0.20812	0.971152	-1.62753	1.7627	-1.65164	62.9874
0.745671	1.92331	-0.975179	1.83707	0.078767	60.3208
0.0289425	-0.31066	-0.200691	0.141381	-0.0501831	48.6155
-1.9363	-1.10758	1.39864	-1.01696	-1.50371	61.1159
0.695585	1.00271	1.28463	-0.4555	-1.37341	56.4458
-1.18763	0.826568	1.43372	0.709576	-0.990809	55.5068
-0.184106	0.978184	1.86741	-0.980274	-0.77604	51.764
0.484257	1.9306	0.511561	1.45127	-1.69605	59.7309
1.80951	1.70446	1.38269	0.708838	1.85661	64.8264
0.233292	0.610723	1.50812	-1.98927	1.17133	59.967
1.73607	-0.778031	-0.126913	0.32163	0.043026	53.4742
0.216761	-0.791808	1.35022	1.57348	-0.388958	56.9077
-1.08445	-0.00768466	1.80535	0.0374968	-1.29766	48.9819
1.3728	-1.60906	1.77712	-0.477407	-1.29671	61.5011
-1.82584	-1.59412	-0.264126	-0.54111	1.62024	61.0176
-0.386154	0.793367	-1.76544	1.08171	0.79996	50.5213
0.309879	0.184586	-0.670493	-0.736165	-1.41149	52.317
0.148993	0.420735	0.995716	-0.914792	0.251868	54.5709
-1.1033	-1.49608	-0.186062	-1.57533	0.987957	61.7516
0.0219363	-0.929296	-0.654185	1.8578	-0.515607	52.4291
1.67885	-0.327949	1.95307	0.883809	-1.89517	54.7614
-0.791551	-0.0537983	0.839571	0.851848	0.780195	51.1508
1.176	1.17726	-0.116418	-0.842532	1.74532	56.0164
1.07621	0.870802	-1.4861	-1.85377	-0.825494	52.6378
0.861782	1.33748	1.24073	1.12495	-0.606935	59.4902
0.0869402	1.09742	-0.0733795	-1.30745	0.47932	52.4521
-1.16001	-0.626339	-0.299906	-1.32789	1.18542	57.7673
-1.0006	-1.21187	-0.702809	-0.241291	-0.606412	55.3016
-1.49705	1.94026	-0.0763699	-0.450682	-0.295064	54.4473
-0.833277	1.62174	1.12177	-1.76368	-1.50523	65.8066
-1.531	1.3958	0.902364	-0.459194	-1.73063	62.1685
-1.90363	-1.12069	0.854907	-1.77629	0.0619152	59.4057
1.75184	-1.15616	0.940978	1.62263	-0.3968	63.3251
-1.31955	0.853164	-0.27118	-1.43847	1.7632	54.42
0.852601	-0.483083	1.6289	-1.5536	1.49562	57.0003
0.41223	1.48123	0.462018	-0.252191	0.33597	53.8545
0.12725	-0.611285	-1.97069	0.176213	-0.112517	52.1949
-0.742614	0.892992	-1.29929	-0.254257	1.38241	50.3663
0.0863873	0.06149	0.734735	0.33762	1.15871	50.8044
-1.11484	-0.733609	-1.02631	0.75393	0.0146059	47.1958
0.115407	-1.85142	-1.25172	-1.86952	-0.917764	57.5901
0.358018	-0.114989	1.53068	1.83764	-0.345551	56.3127
0.269803	0.612366	0.142953	0.085298	0.83589	50.5632
-0.0245753	-0.538376	-0.457048	-0.922264	1.73137	55.6186
1.62075	-0.146681	-0.308339	1.6952	0.665752	55.0872
-0.387666	-0.593254	-1.11237	1.1036	-1.39559	52.3913
-0.873575	0.577211	-0.0251349	-1.12249	0.47667	52.0515
1.26589	-0.942327	0.373252	-0.861641	-0.250484	47.9175
-0.369566	1.14898	-0.620936	0.954549	0.94319	49.9331
1.89784	0.0241336	0.0184546	0.468907	-0.730277	57.4187
-0.817083	-1.73353	0.615621	0.308695	-1.95364	57.23
1.00798	-1.07005	1.28242	-0.243058	1.64379	56.5497
-0.733295	0.0989612	-0.965493	-0.762828	-1.23228	51.7039
-0.84061	0.607516	0.729334	0.153671	1.60683	52.0581
1.60907	-0.600918	0.514722	1.86564	-1.94353	63.29
0.559428	0.586288	1.98426	-1.57445	-0.447553	61.7016
1.21009	0.884607	-1.97567	1.72562	-0.112815	56.5491
-0.999419	-1.48538	-1.50078	0.265498	-0.540749	56.1444
-1.59957	-0.0171518	1.24088	-0.487268	-1.43714	56.3381
0.180776	0.190794	-0.0317459	-0.151472	1.77613	54.2907
-1.61903	-0.754067	0.477764	-1.82167	-0.605101	54.4227
1.22255	-1.72667	1.20836	1.18472	1.65322	60.5607
0.922186	1.66179	0.096874	1.44598	1.88408	62.3614
-0.83044	0.0841756	-1.73699	-0.179389	1.70293	51.3753
1.20615	0.611077	0.127535	0.487239	1.51053	52.7872
1.20784	1.87283	1.90202	-0.130119	-1.06807	60.882
0.163796	-1.75709	-0.275748	0.431956	-1.35547	60.2842
1.04002	1.66746	-1.51423	-1.68321	-1.52676	63.868
-1.12124	-1.94486	-1.42017	1.0239	-1.03324	51.3405
-1.37086	1.47602	1.69653	-0.796475	-1.37306	64.9668
1.82811	-0.711619	-0.386184	-0.266732	0.378131	52.782
-1.41354	-0.227648	1.27876	-1.28092	0.271522	51.5271
1.75725	-1.09114	0.615878	1.09956	1.17095	53.5788
-0.46982	1.7363	-1.19259	0.774825	1.47833	58.994
-0.673237	1.32836	1.94159	0.190094	0.686409	54.8238
1.31647	0.561971	-0.704128	-0.970657	1.13614	54.2062
-1.00868	-1.14393	-0.780257	1.52286	0.642278	57.6959
1.85085	1.34156	-1.54589	-0.985509	1.20188	61.4375
1.46806	1.68031	1.53411	-1.32377	1.17523	58.4423
-0.889031	-0.518041	1.71045	0.398554	-1.40024	58.1903
-1.55347	-0.409694	1.8048	0.685505	-1.7402	61.2422
-1.2092	1.84568	1.71271	-0.16922	0.65773	58.3155
1.83237	-0.14607	1.77794	-0.0378866	0.697743	57.857
1.19297	-0.991785	1.90984	1.67784	0.397154	58.6511
-0.0578853	0.33166	0.406313	-1.03944	0.621692	51.3667
-0.585527	-1.58802	1.24796	-0.621229	-0.940357	57.1825
0.451572	0.187032	-1.58913	0.770339	1.70175	58.419
0.685434	-0.0994694	1.00103	-1.81284	0.0353062	49.3933
1.09477	1.10211	-0.815443	0.188698	-0.239766	50.1955
1.76743	-0.91769	0.0496231	-0.805901	1.60993	60.7198
-1.98348	0.807489	0.277542	0.442191	-0.125423	49.614
1.60246	1.85423	1.53697	-1.02924	0.00147602	53.3337
0.388607	0.545169	-1.44669	-0.363696	1.71019	56.2116
-1.41766	-0.872537	1.99583	0.223064	1.24792	60.2211
-1.6939	-0.240122	0.207287	-0.67826	-0.530345	53.4924
-0.229766	-1.17814	0.404585	-0.627938	-1.09892	53.3499
1.04027	0.701427	0.461938	1.16715	0.649634	57.206
0.0291995	1.50733	-1.41929	-1.53484	1.49517	58.6569
0.216497	-1.63319	-1.35184	-0.142235	0.849826	57.3338
-0.102166	0.325117	-1.08186	-0.0211111	-0.832401	51.7407
-0.795745	0.788242	-0.720017	-1.70662	0.254499	49.7893
0.772997	0.122248	-0.414567	-0.229134	0.374203	55.154
1.92462	1.93042	-1.41407	0.67359	1.19811	64.7595
-0.518938	1.95791	0.832378	-0.0114202	1.73215	56.4434
-1.14834	1.81118	0.0502579	-1.01273	-1.9525	56.1208
-1.37802	-1.12976	-1.22678	-0.219049	-0.652626	59.3043
-0.808873	1.38793	1.269	-0.0148616	-1.76935	58.9936
-0.231043	-0.694692	-0.4975	1.12586	-0.962637	47.7964
-0.927824	-0.348704	-1.13842	0.496256	1.34542	58.7816
0.167878	-1.46592	-1.33232	-1.99659	1.0672	58.7252
-0.149828	-0.913335	-1.68499	-1.53523	1.92929	61.7408
1.49356	-1.33307	-0.0871003	1.56313	0.42465	53.7767
-1.68788	0.584843	1.79874	-1.28222	-0.380614	57.6848
-1.97048	-1.91408	0.793465	0.561886	0.791575	62.8659
0.668359	-0.339121	-0.0600959	0.860414	-1.66548	54.5792
-0.203567	-1.7439	-0.65175	-0.0942428	0.679016	57.6821
0.405036	0.614002	-1.99239	1.73995	-0.489409	57.6385
-1.57615	1.56894	1.81563	-0.119821	-0.482631	60.1485
-0.691465	0.208449	0.977066	0.119332	0.0173513	53.2756
-0.327604	-0.153705	1.60547	0.654646	1.59902	58.3361
-1.93715	1.54919	1.80072	1.90091	-0.499435	57.4774
0.804388	-0.180157	-0.017972	-1.96874	-1.54325	52.9596
-1.16681	1.22274	0.202151	1.67871	-1.7376	56.5315
0.875371	-0.221049	-1.90227	0.0141227	0.9944	56.3752
0.0239042	-1.07516	1.68222	-0.116047	0.818234	47.8784
-0.622404	-0.9617	1.13115	-1.20194	1.66365	60.5785
0.285179	-1.32579	-1.41699	1.08849	0.84024	55.8959
-0.103417	-1.23121	-0.972092	-1.96775	1.60011	55.1293
0.222363	1.6264	0.810401	-1.3306	0.565489	59.2808
1.14957	0.851828	1.38811	1.45179	-1.34835	58.4193
1.05665	-1.31182	-1.79791	0.937722	-0.811596	59.887
-1.48473	0.893195	-1.18737	1.6795	0.208119	57.8462
0.231421	0.269761	-0.386677	-1.65423	-0.436352	53.2361
1.73445	-0.304265	-0.602003	0.0926475	0.118222	50.4901
1.45035	-1.49359	-0.525852	0.0400839	1.22452	60.2386
0.831437	0.315987	-0.0316971	-1.8897	0.347277	58.0111
0.67462	-1.07236	0.0361382	-1.71492	-0.724698	53.4925
1.53703	-1.67628	0.78423	0.532587	-0.131455	57.0201
0.74376	-1.85477	-1.74061	-0.532674	-0.00368364	60.1788
-0.107008	0.344391	-0.994497	1.62717	-0.749859	54.8806
-0.578321	0.728185	0.136031	0.400106	-1.5126	57.1641
-0.645607	0.759074	1.91284	-0.89891	0.669769	58.0501
0.370735	1.08764	1.19551	1.34869	1.16115	52.1402
-1.71574	0.895499	1.62997	-1.75368	-1.318	58.6269
0.136278	0.172844	0.105825	1.37628	-0.938521	46.6558
-1.0977	1.46521	-1.14523	1.72755	1.59124	59.4934
-0.0610145	-1.14544	-0.574323	-1.2907	-0.548031	56.8831
0.71048	-1.30182	1.39146	-0.328453	0.660202	61.5916
1.11529	-1.69671	-0.469884	1.85277	-0.505629	60.1712
1.15604	-0.691317	1.54355	0.274896	-0.72069	55.3383
0.962305	-0.956775	0.645142	-0.938303	-1.68069	50.8875
-0.612407	1.19106	0.836138	1.31269	0.109594	51.5744
-0.388344	-0.669736	0.262686	-0.628056	0.136627	47.7276
-0.124339	1.50806	0.206261	-1.50551	0.248921	57.8975
-1.12476	-0.77579	1.36911	1.91535	0.770043	60.8043
0.559565	0.0302441	1.17128	0.0333268	0.87787	50.2338
-1.40269	-1.84212	-1.93785	0.3028	1.19459	54.5696
-1.65844	-0.648413	-0.942201	-0.153306	1.23879	52.9733
1.54719	0.744779	-1.10415	0.916953	-1.65037	60.5293
-1.2673	1.85272	-1.63011	0.168885	-1.22003	54.0305
-0.664005	1.14462	-0.220442	1.75407	-1.92989	55.6642
0.460614	-1.5153	0.738108	-1.39024	1.84841	58.8148
1.53828	-1.05862	-1.12792	0.918842	-1.50127	61.915
-1.97692	1.42265	1.3427	0.766932	0.00722718	57.6629
-0.899035	-1.92107	1.993	-0.56495	-1.32063	57.4214
0.113134	0.741524	0.838971	-0.433572	0.17346	51.7153
-1.91558	-1.33451	1.55614	-1.69924	-0.354855	68.0086
-0.744406	1.68023	0.867157	-0.966624	-1.4508	52.3767
0.624069	-1.57307	0.678789	0.494883	-0.0256349	52.2857
-1.20535	-0.0344712	1.58685	0.409238	1.91767	55.6692
0.888996	-1.41339	-0.791504	0.951523	-0.798365	53
-0.784591	1.02356	0.202049	1.21851	-1.66485	58.6065
-0.943862	1.58129	-1.68401	1.94228	1.96048	65.3895
-0.105543	1.27404	0.639301	-0.959216	1.67208	59.1336
-0.252326	0.49479	1.08125	-0.133096	-1.9248	57.5458
0.36557	1.15755	-0.120898	0.597427	-1.52244	52.0399
-1.67791	-0.593634	0.498866	-0.782991	1.31348	61.1173
-0.385867	0.0395952	0.299003	1.85282	-1.66163	57.5754
-1.60243	-1.099	-0.437899	-1.04403	1.29998	61.5668
1.79136	-1.91124	1.07873	0.183792	0.594812	59.6937
1.93874	-1.24183	1.10815	1.79496	-0.0877634	52.8909
-0.265275	1.74865	1.10085	0.714609	0.45885	58.8798
1.87526	1.62121	0.552171	-1.86843	1.32251	64.9113
-0.612932	0.198847	-1.79164	-1.6655	1.46565	60.2144
-0.262039	-0.010184	-1.87923	1.75876	1.28207	59.676
-1.3849	0.046648	-1.78394	0.232049	0.681427	56.0616
-0.660817	1.03651	0.611155	0.152726	-0.448652	55.4476
-1.00754	1.2158	-1.20976	1.90402	1.93525	61.6104
-0.444475	0.305047	0.305857	-1.51684	0.384625	57.8844
1.0844	-1.84775	-0.818449	1.71245	-0.18027	58.9875
1.42982	1.03053	1.9622	-0.689067	-1.79244	64.4815
-0.644869	-0.582102	1.65005	0.760207	0.887266	52.1636
-0.726814	-0.239533	0.531793	-0.896834	-0.930031	53.4521
-1.99438	-1.42119	1.58383	0.917501	-1.64945	64.4113
1.19367	1.36435	-1.88615	1.734	-1.07858	56.801
-0.262141	0.892692	0.0516195	1.61129	0.369129	53.3938
-0.85848	0.55175	0.558147	-1.27263	1.80258	57.2907
0.403024	-1.73464	-0.564719	-1.93425	-0.584263	58.7615
1.48836	1.74302	-1.16536	1.04706	-1.73705	65.2146
-0.724708	-0.078917	-1.55051	1.30425	-1.05978	59.2699
1.32748	-0.984653	-1.393	0.268873	-0.885631	51.8403
-0.995029	-0.883559	-1.10347	0.601325	-1.9471	56.6388
0.296608	0.133725	-1.2281	0.796112	-1.57281	54.8173
0.948922	-1.77537	-0.279317	-1.53975	1.09443	52.9304
-0.511991	-1.87919	0.707434	1.41805	-1.22719	58.4836
1.06468	1.19391	0.956009	1.13881	-1.08651	50.1365
-0.901408	-0.835321	0.8569	0.196801	-0.928765	53.4669
1.65588	-0.8783	-0.273174	-1.51976	-0.850421	55.8641
-0.849168	1.94732	0.955912	0.495005	-0.807512	56.658
-0.582612	-0.0104235	-1.42769	1.89892	-0.431976	58.1852
-1.27712	0.829486	-1.49699	1.49706	1.31971	55.8047
-0.89796	1.06336	-1.35744	-0.245282	0.641912	49.9895
1.09187	-1.42778	-1.24928	-0.760815	-0.620794	55.3402
-1.05686	1.1223	-1.45005	0.906262	1.17669	49.781
-0.0782028	0.640801	-0.269651	0.680817	1.03722	55.9738
-0.287074	1.05084	1.22363	-0.706171	-0.65443	50.3505
1.85254	-1.49955	1.23673	-1.50015	1.45199	63.8397
0.778541	-0.673286	-0.873454	1.25134	-1.70927	60.0873
-0.972975	0.545034	-1.13752	1.36599	1.92131	55.4899
-1.61663	-1.77193	0.252662	0.274279	0.816029	51.8061
0.505312	1.21602	-0.736765	-0.288747	1.61165	61.3798
1.88132	-0.887797	-0.680083	-1.1001	0.160112	53.6111
1.86389	-1.0637	1.78307	-1.18802	1.99657	63.621
0.250821	1.78561	0.759859	-1.73304	0.806982	57.5303
1.4845	-0.918192	1.85261	1.59789	0.46488	59.9587
1.3042	-1.56992	1.93764	0.493237	0.28483	62.7642
1.08137	1.55808	1.75012	0.674373	-0.485734	54.1561
-1.70669	1.07022	1.8309	-1.05328	1.94968	59.3039
1.77729	0.888281	-1.64169	0.196834	0.251366	53.8758
1.23694	-1.95187	-1.5537	-1.83256	1.11952	63.4875
1.34421	1.7515	0.978576	-0.283837	-1.1887	60.689
1.77691	0.142276	-1.00872	-1.42815	0.840614	59.3947
1.63189	1.58361	-1.82841	-1.08716	1.50817	61.9198
0.362952	1.85118	1.97889	-0.73714	1.75121	58.4177
0.113093	1.732	1.34332	-0.0501741	-0.664638	50.3514
-1.88656	-1.71015	1.00378	-1.27088	0.148362	60.584
-0.957109	-1.34748	-0.238289	0.791608	-0.209143	57.2076
-1.48415	1.49007	-0.425513	1.87886	-0.274946	59.9221
-0.864635	-1.25819	1.47242	-0.177499	-1.26084	56.1249
-1.82184	1.69767	0.334207	0.778353	-0.567576	56.6153
1.71454	-1.47199	1.97218	0.679959	1.92489	59.7736
-0.0492504	1.12699	-1.4103	-1.65282	-1.84879	62.1135
0.50731	-1.43325	1.63662	0.400615	1.0569	60.4693
-0.765468	-1.19182	1.48329	0.568627	0.973056	55.9395
-0.543234	-0.897627	0.656388	-1.36776	-1.75923	54.94
0.613667	-1.3608	0.116329	-0.505134	0.633262	60.1891
0.316107	1.01655	0.971244	-1.44809	-1.81701	60.954
0.181865	1.38703	-1.38308	0.062846	1.81447	53.5183
-0.438149	0.731122	0.536118	-1.96328	-0.749489	60.9962
1.40345	0.66691	1.35616	1.50861	-0.65824	63.4676
-1.81932	-1.02342	1.54195	1.92115	0.0912227	61.7646
-1.71015	0.441123	0.848999	-1.79067	0.729354	62.1162
-0.764589	-0.400596	-1.29845	-1.43776	-0.960453	53.0116
0.671471	0.134936	0.887668	-1.37491	-0.988187	48.6535
-0.759655	-1.27631	-1.69861	1.19016	1.84562	55.8387
0.721342	-1.62392	-1.23164	1.67869	0.437494	56.2277
0.0607221	0.423982	1.03437	0.338373	0.319502	53.9734
-1.23301	-1.54218	0.192331	1.60127	0.113488	55.9233
1.58176	0.898579	-0.799192	0.565125	-1.77691	52.7227
0.317724	0.218489	-0.514995	-1.06537	0.940525	51.7974
-1.07442	0.0468379	-1.58007	-1.45928	-1.3935	62.0129
1.09545	-1.03597	1.63271	1.36973	0.420909	61.4465
0.746621	0.915249	-0.817939	-1.12141	-0.674569	52.7785
-0.597491	0.526158	0.810853	1.06375	-0.429431	56.1822
0.465634	0.278591	-1.15568	-0.789503	1.84361	55.4486
1.47527	0.175469	0.505721	-0.429803	0.400396	59.9829
-1.06987	-0.208477	1.01125	1.80919	-0.437354	52.9932
0.7263	1.38397	-1.01053	1.93422	1.83818	64.352
0.543637	-1.04157	0.0702879	-1.71787	0.864898	55.8653
1.81123	1.10354	0.277634	-0.817139	0.924971	54.3381
-0.0420291	0.101737	-1.62937	0.91148	-0.482563	55.4346
0.175367	-0.243902	0.9327	-1.68732	-0.217881	50.004
-0.535026	1.62535	1.72599	-0.732248	1.13946	57.8637
0.765208	0.251239	-0.124167	-0.774913	1.46664	49.1642
-0.848257	-1.80133	1.65331	1.02371	0.226332	52.3914
-0.876723	-0.0673191	-1.47532	0.645263	-1.32431	58.3202
1.47315	0.455398	1.65739	-0.481158	-0.132262	58.1888
0.734471	1.80045	1.75044	1.4951	-0.36778	57.6388
0.0938904	-1.14233	1.41453	-0.97573	0.313115	55.2914
0.401566	1.71397	-0.985519	1.38658	0.342632	55.1615
0.48949	-0.51219	0.0289622	-0.410665	0.0727526	55.252
-0.155551	-1.38075	-1.46408	-0.24758	0.130055	49.6865
1.70431	0.774638	0.230604	0.404696	0.189784	55.8484
-1.95898	1.87955	-0.0389365	-0.326729	0.578208	53.6693
0.477539	1.88922	1.60647	1.80756	-1.71828	63.449
0.0736805	0.570437	-1.87726	0.794823	1.99385	58.1711
1.91299	0.539048	-1.61836	1.79891	1.65415	59.2013
1.85321	0.251639	0.610604	1.27512	1.91056	60.3911
-0.073784	1.38562	-0.0318255	-1.57983	-1.63154	59.2421
1.48455	-1.49642	1.98834	0.669957	-1.14269	65.2771
1.64841	-0.322601	0.455725	-1.07288	1.34689	60.5503
0.193565	1.53735	1.77233	-0.760522	-0.0810693	54.56
1.25617	0.0353478	0.314822	-0.553777	-0.692566	50.0274
-1.24265	1.59416	-1.28857	-0.350834	1.20148	63.3186
-0.633497	-1.69428	0.779445	1.01105	-0.212924	56.7278
0.0964469	1.06992	-0.72357	-0.572731	1.78773	51.0443
0.759518	-1.44553	-0.645281	1.35872	0.610906	56.4481
0.928663	1.55458	-1.01878	0.367799	-0.777226	51.8777
1.49615	0.632217	1.48681	-0.946019	-1.06461	60.5703
1.69826	0.219066	0.90609	1.26575	-0.495717	59.3544
0.567152	-0.946641	-1.55461	-1.8778	-0.756256	57.3048
0.120945	0.732416	-0.774516	-1.7505	-0.207328	57.4798
-0.0593176	0.167748	-1.60704	0.220509	0.114014	53.138
-1.21592	-1.3909	0.958099	-0.826299	-1.05295	58.6571
-1.29122	0.605545	-0.273414	-1.75085	-1.38132	57.8222
0.481119	1.9884	0.4086	0.523481	-1.69703	56.0777
0.509694	1.54536	-0.327181	-1.90104	1.1535	56.9785
1.53559	0.470022	-0.419835	-0.543615	-1.76666	64.0537
1.61654	-0.49929	-1.65629	1.81934	-1.74865	63.8591
-0.523424	1.53177	0.956727	0.691216	0.607638	53.1378
-0.740157	1.46428	-0.516118	1.58549	1.28479	58.4235
0.0491888	0.902589	-0.383172	1.67929	-0.171478	50.1039
1.29372	1.6159	0.620451	0.520441	-1.67772	66.4142
-0.747134	-1.17089	-0.670531	-0.415617	1.21965	55.2796
1.72984	-1.95209	0.128173	-1.28821	0.943242	60.5766
0.898206	-0.326395	0.0276725	-0.433931	-0.604536	47.1829
-1.73039	0.703025	-0.373277	-1.40305	-0.943449	54.6082
0.451606	1.82076	1.51401	1.7775	0.827949	60.5342
0.33566	1.65973	-0.829395	-1.33996	1.17883	52.8218
-1.78968	-0.687643	-0.44839	1.20997	1.85149	61.958
-1.96665	-1.29674	1.73055	-0.848293	-1.79265	59.8453
0.340082	0.982823	-0.0227287	0.610743	-0.803206	52.6247
-0.445044	1.99094	1.96795	-1.79505	0.997469	56.9388
0.539254	0.940923	1.90796	1.92446	-0.513467	61.5765
-0.919782	-1.08026	0.461811	0.07219	-0.0553866	51.1042
-1.9366	-1.41102	-0.15047	1.25693	-0.161317	52.8518
-0.017643	-1.72969	1.50941	-0.449651	0.357491	58.4538
1.48318	0.185298	-0.264355	0.721546	-0.506864	52.7496
-0.630531	1.46367	-1.39021	1.06889	-1.62864	58.059
-1.49898	-0.188647	-1.06247	1.55953	-0.0320913	55.4957
-1.83212	0.0570518	-0.743554	1.70243	0.0463623	56.4033
-1.86294	0.762643	-1.48088	1.8638	0.955019	62.2408
1.72808	-0.469598	-1.63858	1.58956	-0.764506	58.445
1.61344	-1.05382	-0.688862	-1.08904	-1.90797	56.9424
-1.66328	-0.134259	-1.3529	-1.56056	-0.07288	61.571
0.712377	-0.542572	0.873999	0.792345	-1.07387	50.0513
-0.725351	1.37736	-0.263073	0.300139	-0.0149857	51.2653
-0.391721	1.21901	-0.57695	0.541113	0.98931	51.9481
-1.11984	-0.586395	-0.989172	-1.06426	1.90254	49.795
-0.907647	-1.11762	-0.0885788	-1.60759	1.73897	54.4305
0.855275	-0.815955	0.260852	0.937572	1.84932	53.3072
-1.99631	-1.08189	-0.304031	0.298924	-0.962445	54.0569
1.30963	-0.864041	-1.25339	0.581629	-1.35461	52.8252
0.264523	1.34481	0.125244	-1.37348	0.75873	54.948
-1.81439	1.3736	1.32974	-1.34522	-1.15529	65.752
1.8954	0.0390095	-0.734223	1.79762	1.06139	50.6024
0.879245	0.374363	1.4367	0.173957	0.609453	55.1383
-0.818018	-0.50127	-0.494644	1.32281	0.24555	57.7225
-0.45174	0.562701	-1.66362	-0.579033	-1.61768	61.4579
1.92497	-1.08345	-0.76421	-1.96758	0.113442	59.6697
1.1748	-0.805431	-1.12888	-0.296145	1.27439	56.1263
0.240047	0.679761	-0.0346715	-0.167862	-0.187854	52.0444
1.53908	-1.29721	-1.62136	1.84725	1.61929	61.6156
1.78912	0.562538	0.327278	-1.4646	-1.16076	62.8172
-1.36342	-0.648677	1.30286	0.934199	-0.916222	55.4833
-1.31744	-1.8845	-1.09247	-0.515589	-0.0901991	57.4052
-1.5489	-0.00895928	-1.38056	1.97412	1.16248	61.0796
-1.79357	-0.68516	-0.0419106	1.97263	0.31337	60.1772
0.0970094	1.46739	-0.845886	1.59681	-0.55686	57.088
-1.42719	-1.06077	0.306174	-0.434414	-1.2061	59.7682
0.0502022	-1.82847	0.432146	-0.256663	0.167446	51.6059
1.26816	-0.592503	1.57115	-1.80492	0.0476905	54.7508
1.16222	0.757287	0.402068	1.92247	0.338596	60.251
1.87837	0.397029	0.876161	-0.276019	-0.420998	55.1128
-1.99212	0.886721	-0.637065	1.05429	-0.254263	57.0326
1.54226	-0.655026	1.90712	0.877338	1.19673	63.5395
1.54706	1.61297	-1.9481	-1.80356	1.11487	58.5648
1.55562	0.511407	0.843768	-1.00491	-1.48571	54.5091
0.299581	0.341828	0.76142	1.05917	0.0724229	50.3552
0.719179	-1.20813	-1.06396	0.667418	1.14213	53.2022
-0.971192	1.95971	1.11661	-1.85174	-0.302119	57.7122
0.384429	-0.560943	1.99114	-1.04221	0.845454	57.0367
-1.03764	0.847226	-1.80199	-1.17347	-0.904844	53.5409
-0.578235	1.07356	-1.15586	-1.24857	0.593827	50.0369
-0.15823	0.202511	1.5688	0.857614	0.0380294	53.2877
-1.37039	-0.130924	1.1252	0.293676	1.93926	53.9814
0.341053	-1.62	-0.781725	-1.9818	1.34078	59.0989
-1.04374	-0.87554	1.6193	0.766909	-0.614026	60.115
0.928889	0.508275	-1.82804	0.367778	1.74176	58.5637
-1.45275	0.310292	0.537264	-0.164196	0.593376	56.0476
-0.609774	0.372464	0.711835	-1.70586	-1.23764	54.4919
-1.11024	1.75105	-1.02128	1.5276	-0.0752839	55.4485
0.663291	-0.892238	0.0464351	1.41482	-0.624659	49.6616
1.04738	0.587944	0.54356	-0.575944	-1.74552	51.7709
-1.06818	1.2035	0.595393	-1.24552	-0.969259	56.7558
0.737774	-0.939713	-1.04094	-1.42333	1.44934	60.0531
1.15683	0.414896	0.533882	1.61073	0.449345	60.4742
1.78769	-1.31883	0.410239	-1.30749	0.548429	60.6399
0.744897	-1.46352	-1.93928	-0.367852	-1.88519	55.938
0.326248	-1.05442	1.0249	-0.143064	1.39241	51.8583
0.826283	0.386645	-0.252615	-0.0480439	1.75647	49.5693
-0.41759	-1.68813	-0.950445	0.0651971	0.824308	49.2567
0.641492	-1.76388	0.828413	0.5645	-0.825508	60.7581
-0.683628	0.878785	0.000162803	1.44703	0.981796	57.1648
-0.228662	-1.61556	-1.06535	-0.649262	-1.9265	53.8843
-1.66654	1.21494	1.58326	1.11237	-1.74935	60.8349
-0.184193	1.9042	0.57653	1.34939	0.21471	54.7669
1.14515	0.0805152	-0.829086	-0.844341	1.12948	46.7219
-1.61372	1.22048	-0.807271	-1.28206	0.859843	55.7724
1.47319	1.8952	-1.52466	1.62198	-0.793111	64.8717
-0.673649	1.91528	-1.36525	-0.10853	0.547125	57.8744
0.707595	0.816873	0.301105	1.58012	-1.97899	55.4184
-0.678272	0.237359	-1.59662	0.398427	-0.760732	60.7309
-0.0579798	1.30302	-1.31568	0.649799	-1.27135	57.1067
1.53	-0.11793	0.0838798	-1.40381	0.67291	51.5722
-1.53349	-0.484523	1.39703	0.574093	-0.149875	52.7494
0.585122	1.01583	-1.16835	0.0454299	-0.527984	47.7019
0.889227	1.47519	0.000912585	1.65481	0.355891	59.6068
0.857029	-1.2878	0.0808076	-1.36284	1.32252	58.6272
1.84352	-1.30718	0.573819	-0.656886	-1.96078	61.1864
-1.57772	0.374444	-1.67278	-1.10764	1.76679	66.43
-0.0132849	-1.93689	1.16762	-1.45008	1.63062	59.6869
0.408875	-0.122722	1.36246	-0.0692172	1.42237	54.8155
0.126902	1.35503	-0.0243695	1.09196	-0.954157	51.0853
-1.51896	-1.86882	-1.77252	0.923549	-0.726941	64.5335
-1.87767	-0.708653	-0.264024	-0.199968	-0.566	50.8616
-1.41755	-0.865321	-0.167095	-0.765182	-0.200252	51.663
1.8226	0.693847	0.170712	-0.12248	1.90546	58.1264
-0.999065	1.6831	0.923489	-0.0227649	0.258072	54.4266
1.85075	1.65196	0.949263	0.114172	0.304611	55.7806
1.96421	-0.663371	0.280673	-0.286386	-1.49551	60.5391
-1.98253	-0.151721	1.5498	-1.66774	-1.01183	53.7226
0.490307	1.56985	0.393608	1.68302	-1.21365	63.0373
1.58321	1.9767	-0.712665	0.868161	-0.817167	52.7777
-0.958356	0.904408	0.900256	-0.333921	-1.95958	57.173
-0.36049	0.994581	1.14081	1.84216	0.618809	54.283
-0.750865	1.2078	1.17514	-0.741486	0.973143	58.0396
0.431875	-1.77151	-1.45663	0.952119	1.2719	57.1243
-0.0211062	-0.735949	0.73248	-1.99068	-0.210992	51.4602
-0.740757	-0.00978411	0.730303	0.21655	-0.201056	52.832
1.26784	-0.421978	1.25308	-1.27687	0.70277	56.9538
-1.14797	0.184375	-0.475685	0.710563	1.21201	54.6213
-0.306539	-0.0988327	-1.68616	0.955227	-0.392951	48.9218
1.12891	-0.56818	-1.26859	1.73363	1.92027	55.2994
-0.776869	-0.943716	0.0310416	1.58842	-0.695181	55.2096
0.128808	-1.40435	-1.16722	1.08935	0.0876784	52.4848
1.01365	1.41116	-0.887394	-1.16228	0.844638	58.7278
-0.546441	-1.66854	-1.6402	1.32368	-1.21638	60.0989
-1.89828	-0.318773	-0.763691	0.502174	-1.83591	52.7138
1.25082	-0.340956	0.380135	1.67599	1.91681	63.8992
-0.190561	0.723716	0.313707	-0.173507	1.53729	55.9015
-1.46942	1.75241	0.249924	0.375555	-0.977314	51.9378
1.60785	0.215073	-0.159203	-0.16955	-1.63733	57.7759
-1.52975	0.955038	1.24204	0.71155	-1.05101	58.4516
-1.13326	0.567566	0.159558	1.57724	1.5024	59.1241
0.0330597	-0.356536	-0.158207	-0.683697	1.65459	52.8897
-1.38682	-0.10242	1.34402	-1.80046	-1.14412	56.1401
-0.588132	-1.48474	0.164917	1.38479	-0.161074	61.1236
-1.93836	-0.039893	1.50754	0.13013	-0.0707038	49.2851
-1.19086	-1.27053	0.0452586	-0.569837	-1.76957	52.7141
-0.854975	1.32398	1.48444	0.287782	-1.26005	62.6608
0.488529	1.84012	0.638097	1.94817	-0.701694	64.0686
-1.43365	-0.279302	-0.841289	-1.92406	0.983375	57.3057
-1.93621	0.270889	-0.321468	-0.00986226	-0.506908	58.6724
-0.453214	1.37912	-0.322313	-0.898268	0.593314	56.0769
0.485012	1.58228	1.28158	-0.0177735	-1.79368	56.0603
-1.78851	0.00393006	-1.06886	-0.623179	-0.263249	55.5881
-0.212808	-1.12531	-1.9124	0.520146	-0.407796	60.435
1.17735	-0.848915	-0.719629	1.46884	0.384149	60.2897
0.639336	-0.887437	1.30507	-0.839739	-0.390171	52.0448
1.44674	0.542298	0.132599	-0.426465	-0.395617	59.5644
-1.94704	0.479189	0.996507	-0.381004	0.0765456	49.1927
1.58224	-0.693262	-1.22373	0.478214	1.6586	64.2527
-0.430524	-0.602192	-0.0474753	1.57899	0.59704	50.8238
-1.20166	0.519997	0.623065	1.76941	-1.68951	56.7586
-0.978336	-0.800807	-0.0897544	-0.422121	-0.296595	55.4746
1.65753	0.738019	1.15777	0.943828	-0.357427	55.4141
-0.199812	-1.74346	0.0233581	-1.93251	-1.93268	61.4911
-0.794327	1.5493	1.65521	-1.6952	0.437311	65.0155
1.33046	-1.43477	0.453989	-0.748456	1.72009	62.5145
1.09213	-1.81579	-1.45636	0.411828	-0.26238	55.2012
-0.263659	-1.5943	1.48307	1.0341	-1.70365	61.8023
0.560314	1.78788	-1.06944	1.30143	-1.65862	61.5389
-1.95887	1.5329	0.948866	0.550996	-1.16949	63.532
-1.22977	0.0214161	-0.287474	1.81821	0.0665792	52.6919
1.20522	1.16645	-0.467535	-1.135	0.492051	60.059
1.64725	0.465198	0.613961	-1.57757	-0.307899	64.2189
0.757788	-1.3311	1.40452	1.87501	1.73089	59.047
0.852879	0.875836	0.274925	-0.820607	1.52241	57.2028
1.74179	-1.48754	1.8022	0.704304	-0.121236	60.477
-1.37321	-1.38781	-0.293731	0.995926	0.103189	57.0293
1.49191	1.17656	0.348591	0.332488	-1.5816	54.1369
1.91634	0.42844	1.56166	0.96897	-0.706539	53.9241
-0.656509	0.320086	0.259897	1.93495	-0.296382	55.3936
0.398204	1.45635	-1.34526	-1.66439	0.707108	65.9084
-1.64665	1.39091	1.41165	-1.30822	1.00463	58.5085
-0.185119	1.34506	1.02087	1.6488	-1.12532	59.2892
-0.272855	1.65866	-0.681463	0.117072	-1.24673	59.6155
0.0292191	-1.98807	-1.69429	-0.475755	-1.68939	62.012
1.57754	0.594591	-1.68046	-1.08655	1.65507	62.0415
1.39084	1.63584	0.4604	0.516728	0.298082	63.5803
-1.654	1.07568	1.59578	-0.530855	-0.913813	58.7649
-0.739003	-1.59873	-1.33178	-1.9409	0.0856222	61.7278
0.02826	-0.5383	0.725467	-1.69487	1.07363	54.4272
0.984592	-0.605838	0.495847	0.702806	1.6221	54.8155
-1.83008	-1.46532	1.15673	1.72966	0.0251057	55.9623
0.712142	0.756277	-0.163947	-1.03821	1.14555	53.144
0.298718	1.42545	1.4312	-1.33592	1.04201	56.3426
0.379318	1.47161	0.339371	-1.14077	-1.45388	53.1505
1.46991	0.631677	0.544394	1.49608	1.16113	57.1514
-1.78899	-0.442631	1.42758	-1.89087	-1.43439	65.313
-1.37403	-0.603625	1.2878	-1.98344	-1.1051	61.3757
0.268658	-1.87946	0.59413	-1.2264	-1.30036	52.3581
1.3398	-1.38659	1.36137	-0.180484	0.516314	54.8747
1.26517	0.914501	0.145613	-0.964665	-0.0788131	50.1658
0.710812	0.030686	-1.46493	-0.979173	-1.17981	48.9787
0.361364	0.638182	1.18481	1.02355	0.117591	50.08
1.29259	-0.806394	0.387218	0.296182	-0.735543	50.9041
1.43674	0.762168	1.05421	1.20544	-0.305469	53.0603
-0.839283	0.0272654	0.519767	-1.66999	1.37355	59.1236
1.3071	-1.97267	-1.2539	0.210449	0.951882	58.0017
-0.89292	-1.27198	-0.94461	-1.56406	-1.95824	53.3217
1.2593	0.162445	-1.24487	0.503546	-0.787742	52.1321
-1.76564	0.784667	-0.899021	0.657124	0.546075	55.6612
0.744643	0.0355376	1.37592	-1.97591	1.93031	57.9547
-0.976712	-1.07463	0.725591	-0.796684	-1.26664	54.5498
-1.60338	0.942955	0.96701	0.233072	1.47922	56.9682
-1.03569	-1.80693	1.42869	1.04681	0.926312	58.86
1.44802	1.11813	0.356903	-1.27933	-1.43472	63.2395
0.852054	0.739125	0.809593	-0.716339	-0.52777	53.5487
0.00473503	0.0356462	-0.645426	-0.373906	-0.356048	50.641
-0.93351	0.10545	-1.25876	-0.864269	0.993126	49.878
-0.868244	0.127902	0.88143	0.46521	1.81528	56.7424
-0.133853	-1.67313	-1.43392	-1.18594	0.1434	56.0007
-0.723724	-0.230067	0.172146	-0.178586	1.03596	46.8803
-1.18735	-0.774496	0.587943	-1.36392	0.0208755	58.5308
-0.267678	0.922172	0.283813	-1.84719	-0.989914	50.599
-1.63479	1.62797	1.16567	-1.30356	0.839918	54.9533
-1.37847	-1.33655	-0.57906	1.27266	-1.85749	60.7274
0.898705	0.120327	1.48441	0.106782	-1.21073	49.2331
-1.55715	1.29565	-1.72754	1.5872	1.30724	59.4096
-1.49971	-1.77357	-0.363689	-0.0495727	1.35215	56.7567
1.8982	1.06502	1.83712	-1.88454	0.890396	61.6308
-0.145999	-0.849398	-0.733613	-1.01989	-1.38045	54.9907
-1.99098	0.267714	-1.39113	-0.459985	-0.155813	52.5498
-1.50335	0.107699	-1.26029	0.883446	-0.172558	52.6689
1.02154	-1.50094	1.18272	-0.840167	0.100517	54.7396
1.30569	-0.703216	-0.0999281	-0.145854	-1.6352	50.9449
0.968689	1.36727	0.644877	-0.950061	1.50694	56.7497
-1.65276	0.937838	-1.0762	-0.0878551	-0.65043	50.474
-1.96941	0.654939	1.48415	-1.85793	-1.13869	61.1691
-1.71834	-0.522296	-1.26785	-0.181299	1.67653	61.3635
0.50862	1.89561	-1.45676	-1.45388	-1.66564	62.8606
-0.513065	1.60477	-1.858	-0.930818	-1.77366	61.0119
1.90045	1.33929	0.508836	-0.26025	0.171451	55.5112
1.82668	-0.05295	0.997695	1.70506	-1.10062	56.6274
-0.955774	-1.48003	-0.804198	0.00321234	-1.39271	56.2717
0.805054	0.96096	-0.187482	-0.555499	-1.04278	53.8508
-0.460725	1.52421	0.2226	1.89808	-0.456652	53.6768
-0.988324	-1.38601	1.43554	1.12714	-1.77319	63.9432
0.813585	1.30832	1.36555	-1.42665	-0.153223	62.4077
-0.201013	-0.420326	1.06809	1.8027	-1.38693	57.7612
1.70316	-1.72674	1.3424	-1.88413	-1.15692	65.994
-0.541988	0.588107	1.36586	-1.85916	-1.74293	55.4116
0.13624	-1.5291	1.51456	0.989533	-1.72387	54.3635
0.353555	-0.581493	-1.80707	-0.0403759	1.94359	60.6995
0.651292	0.820893	0.566374	0.798447	-0.465916	56.7163
1.76259	-1.83966	-0.390926	1.794	0.642219	64.437
1.7612	-1.58139	1.2588	1.38856	-0.567445	56.3932
-1.77363	0.831392	0.168782	1.60031	1.47819	55.7272
-1.69608	1.73596	-1.70007	-1.84815	-0.321835	64.1443
-1.73816	-0.213123	-1.07515	-1.25199	-0.0338859	54.856
-0.268719	-1.10534	1.45706	1.30364	-1.27035	60.9297
1.40025	-0.629581	-0.189245	-0.79641	-1.73332	60.3909
-1.43443	0.734877	-1.64244	1.02613	-1.85011	57.4396
1.55872	-1.67797	-1.69878	0.905595	-1.43746	58.4024
-0.581246	1.99647	-0.986861	-1.05905	-1.90349	57.7367
0.449873	-0.539619	-0.880538	0.141639	1.64347	52.4112
-0.152594	0.610235	-0.359452	0.549747	0.989345	49.96
-0.0945166	1.55879	0.914898	-0.263099	-0.521973	53.9335
1.13555	0.726199	1.40354	0.736316	1.18285	58.5024
1.63249	-0.311762	-0.110633	-0.0856632	-0.672249	53.1279
-0.984162	-1.01868	-0.842731	1.82042	-0.15458	55.1496
0.990361	-0.795994	1.78142	1.57247	-0.0628835	51.2995
0.81198	1.61926	0.522246	1.20599	0.553868	55.0351
0.496501	-0.0325502	-0.937742	-0.513765	-0.943355	54.522
1.36585	-0.637399	1.03584	-1.91177	-1.68039	57.3477
-1.26596	-0.419755	0.209599	-1.86427	1.49682	57.4331
-0.504547	1.17667	-1.45533	-1.60843	1.80664	56.0126
1.48438	-1.63573	-1.06655	0.710487	0.823584	57.7385
1.58737	1.97714	0.815694	-1.43045	0.660318	55.0357
-1.15364	0.764487	-1.38658	0.585453	-0.681171	59.9411
-1.62072	1.47977	-0.0191151	1.01303	1.17658	57.6409
1.33506	-0.207357	-1.4949	0.662226	-0.93273	60.1604
0.842883	1.81029	0.969307	-1.5725	0.388379	59.0298
0.303683	-0.879795	0.529222	1.11497	1.24911	53.78
1.50772	0.0761997	-0.692608	1.94599	-1.66226	56.386
0.818859	-0.347692	-1.26735	-1.79484	1.88751	59.5769
-0.757325	-0.304747	0.93015	-0.233563	1.53112	54.1943
0.83658	1.57865	1.27471	-0.728511	-0.831945	52.2654
0.308536	0.0137922	0.663595	0.619612	-1.58937	59.844
1.00305	-1.09703	-0.140617	-1.89896	1.49738	56.9346
1.65368	1.43979	-1.92406	0.428791	0.276988	63.473
0.0725413	-0.0690985	1.17557	-1.86577	1.58775	55.8783
0.959283	-1.10267	0.797185	-0.748984	1.12299	54.4167
-0.512326	0.0654621	-0.801299	1.17127	-0.901717	52.0831
-0.948098	-0.0345743	-0.316296	-0.161872	-0.69141	53.8047
1.61567	0.933257	-0.645785	1.27649	1.8075	53.7355
0.396169	0.707967	-0.613547	-0.618771	0.928845	52.8461
-1.03085	-1.55577	0.130039	-0.554063	0.441415	54.5998
-1.56021	1.16894	0.514433	-1.95295	0.0869135	62.1144
0.691295	-0.172859	1.36315	1.67407	-1.809	53.7674
0.447985	0.429726	-1.9193	1.98178	-0.429511	54.9333
0.605421	0.707112	0.442458	0.822448	0.947769	58.0325
0.979674	0.308425	0.252165	1.14689	-1.95039	57.8476
1.43826	-0.745873	0.889393	1.40178	-1.26633	59.2478
0.358651	0.848627	-0.432089	-1.46986	0.286693	54.3403
1.35782	0.437181	-1.42161	0.811924	-1.73969	59.2594
0.656252	-0.0289931	-1.36504	-1.13087	-1.8939	56.487
-1.19943	1.41819	-1.28075	-0.656899	1.19668	54.4518
1.78312	1.26994	-0.138357	-0.719657	-0.819593	58.8929
-1.8712	-1.11689	1.64079	0.0110214	-0.52917	56.3391
-0.982887	0.909055	-0.886248	0.627885	-0.29276	55.0267
0.82713	1.37368	-0.22864	-1.39475	1.59492	63.537
0.697276	-1.05394	-0.379608	-0.383589	0.303228	53.1621
1.49604	-1.98402	-1.80678	-1.05966	1.1206	54.4327
0.374941	-0.180565	-1.76898	-1.67682	1.49677	54.5667
0.114707	1.62482	0.0793502	-1.79103	-0.650287	60.1558
1.63938	1.78872	1.87888	0.104055	1.41842	56.9096
-0.0294601	0.797656	-1.55648	-0.829998	0.843016	53.0857
-1.69363	1.56352	1.08474	-0.9964	1.5344	54.8007
-1.63724	1.00252	-1.08735	0.795909	-1.65674	57.3124
-0.173537	-0.58671	1.82438	1.55136	1.87137	62.204
-0.12727	-1.42079	-0.123793	-1.40533	-1.65809	59.3464
-0.160397	-0.378368	0.194311	1.41659	-0.173933	56.1695
0.271183	1.48551	1.08254	1.82213	-0.617353	56.5616
0.235725	1.71107	0.00502348	-0.416176	-1.44784	52.282
0.724192	-0.442307	-0.767876	-1.43313	-0.14917	56.8789
0.215135	0.417759	-1.31277	-1.29955	0.154305	50.0791
-0.499125	-1.39487	-1.603	1.60048	1.21259	57.0015
1.38639	-0.849684	-1.26548	-1.01543	-0.284382	54.8433
-1.92828	-1.65455	-1.15531	0.38254	-0.933348	58.3154
-1.7632	-1.47203	0.448496	-0.621263	1.88125	57.5666
1.37361	-0.535204	0.934192	-0.365775	0.760393	53.4649
1.07702	-1.80982	1.01917	-1.48028	-0.192296	58.3388
1.76627	-0.0529212	0.173281	0.627022	0.99354	49.0304
1.42384	1.30568	-1.96294	0.347423	-1.79139	57.8006
-1.81787	1.44627	1.90397	-0.742308	-0.942246	56.909
-0.264609	-0.325164	-0.74774	-0.142107	-1.67966	49.0832
0.993123	-1.14759	1.71121	0.471196	1.77877	62.1282
0.580742	0.278886	0.509709	-1.87059	-0.26227	55.1283
0.163176	-0.458985	0.683454	-1.44943	1.84255	54.5823
1.06363	1.40658	-0.19415	0.965567	-1.72769	59.1432
-1.16195	-0.626033	1.79921	1.26739	0.504271	53.1956
-1.86553	-1.90259	1.16437	-0.243181	-1.70827	58.4617
1.8423	1.78449	1.33083	-1.44357	1.69505	68.1646
0.821971	0.458379	1.45666	-0.292219	0.014748	49.0052
-1.4816	-0.314618	0.261313	1.46023	-0.842292	61.0803
-1.91035	-0.326811	-1.0985	1.42871	0.640939	62.3735
-0.145491	-1.42057	-1.06275	1.98846	-1.61492	60.0045
0.453388	-0.931548	0.966758	-1.54364	1.31474	55.4169
-0.781554	-0.193155	1.44185	0.0245672	0.907567	53.678
-1.66237	-0.815682	0.953114	-0.449381	-0.545711	52.5564
1.55561	-0.898712	-1.20588	1.5246	0.309851	57.736
0.862365	-0.236962	-1.45011	-0.282573	-0.268154	51.4484
-0.942475	-0.431133	-0.64693	-1.7669	-0.801512	57.6251
-1.65169	-1.17681	1.62832	-1.15788	-0.64378	59.419
1.45067	1.25797	1.17514	1.59303	1.8256	57.5338
-1.50917	1.53242	1.89023	0.662081	-1.47454	61.6238
1.99356	1.51325	0.405031	1.59756	0.605402	61.778
1.16566	0.444664	-1.26417	1.04909	-1.80527	59.0145
1.42719	0.179153	-0.332226	-1.60884	-0.711814	57.8202
0.122299	0.234089	-0.0487614	-0.275871	-1.67921	56.4487
-0.0699632	-1.79645	1.2853	1.97639	1.69789	63.635
-1.34584	-1.18019	1.0323	-0.028418	0.0725979	56.1963
0.440691	0.952207	-1.66451	-0.120555	-1.5533	58.7146
-1.93893	-1.99054	-1.14963	-0.342374	-0.805653	52.9002
1.32058	-1.22375	-0.386652	-0.49744	0.904468	56.7661
-1.39868	0.779293	0.080362	-1.30019	1.17779	54.1602
-0.492293	-0.437468	1.73426	-0.869932	0.450821	52.7228
-0.287547	-1.44189	0.256117	-1.9795	1.30349	56.0536
-0.789517	0.907437	-0.346389	0.546908	-1.5422	60.1065
1.66625	-0.372561	1.34471	-0.993318	0.934334	55.8626
0.844666	-0.864975	-0.250358	0.281519	-1.55391	50.7025
-1.4938	0.681976	-1.95016	-1.86288	0.0243222	59.9692
1.33315	-1.85886	-1.16604	-1.90373	0.266606	61.2902
1.05603	1.4888	0.611617	1.78401	0.878479	59.2751
-1.5871	1.4492	-0.863578	-0.59938	-1.81879	56.939
0.497911	-0.659272	0.144454	-1.36443	1.28292	58.7989
-0.300312	-0.929442	0.469635	-1.50348	-1.35868	53.8632
0.987969	-0.601443	-0.0384717	-0.811318	-1.74602	58.3487
0.600623	1.35515	1.79922	-0.184313	-1.70279	64.7188
1.81726	1.70998	1.93991	0.524853	1.52106	65.371
-0.898975	1.54188	0.221957	-1.13159	-1.26242	60.4894
-0.527159	-0.786011	-1.39081	1.23745	1.44838	59.4517
1.1039	0.301945	-1.34504	1.39759	1.52415	63.4213
-0.364849	-0.925097	-1.30261	-0.799109	-1.88027	55.9198
1.23955	0.72084	-0.420141	-0.149538	0.56311	55.5146
0.109874	0.501256	-0.023564	-1.28726	1.19579	51.9638
-0.178228	-0.464626	1.35388	-1.61442	1.3665	64.4431
-0.588126	-1.82657	-0.37943	-0.906125	-1.55221	62.9495
0.519293	-1.39931	-0.617804	-1.10266	-0.618386	61.2165
0.327833	-0.886363	0.910124	1.07882	0.585822	52.076
1.13822	-0.578226	-1.32965	1.40093	1.56988	65.6812
1.58626	0.184385	-1.21745	-0.632512	-0.421694	55.8534
-0.395033	1.61044	0.710708	-1.7291	-0.208722	53.3287
-0.680961	1.91967	-0.161198	-0.590964	-0.857008	50.6778
-0.123907	-1.76063	0.916204	-1.52539	-1.544	54.8434
1.61835	-1.82329	-0.785332	0.400651	0.98261	52.9691
0.661962	-1.3378	1.02925	-0.641026	1.98549	52.7558
-1.88918	-1.26674	-1.78374	1.73748	-1.62634	61.3692
-1.58162	-1.58387	1.26581	-1.22388	-1.14318	57.4435
1.02133	-0.159111	1.49508	-1.09685	0.591236	57.0611
0.708711	1.80343	1.78317	-0.0328545	0.211987	55.4852
-1.93356	-0.33146	-1.43787	1.17039	0.77361	57.1797
-1.95262	1.03299	1.45252	0.76416	0.51107	52.5659
-0.109226	0.170378	-0.242058	-0.509114	1.07967	53.3629
-1.63939	1.09295	-1.75434	-1.3142	0.100821	59.8045
0.587577	1.51643	1.96512	0.678878	-1.89211	59.8503
-0.738379	-0.666776	-1.60355	-1.33668	1.72836	64.5818
-1.32957	-0.91824	-1.90142	-1.78112	1.01652	61.5196
0.565855	-0.907144	-1.76151	-0.589453	-1.88029	53.0109
-0.291152	0.285436	-0.597855	-1.87822	-1.84063	59.7711
-1.87702	1.34889	0.250063	1.39654	-1.86284	63.2707
-1.56674	-0.981171	0.559211	0.807478	1.42675	57.2342
1.4374	-0.320296	-0.646572	-1.48542	-1.48397	63.9895
-0.225236	0.513402	-1.40019	1.37418	-1.37838	63.2795
0.307123	0.148369	-1.59343	1.73782	-0.251019	56.409
0.491467	-1.22791	1.28804	0.722267	-1.93761	55.7093
0.290024	1.1206	1.80492	-1.14032	0.869105	56.1567
-1.25332	-0.64756	-0.241763	0.630436	-1.75719	53.3359
0.808471	-0.306	1.55881	0.0472354	1.67013	53.5909
-0.683676	-0.8813	-0.228385	1.15218	1.02694	48.5518
