-1.93088	0.775914	-0.546706	0.769623	0.185925	55.7219
-0.505823	-1.77985	0.859395	-1.48429	-1.18678	56.8037
1.03896	1.29283	0.928656	0.940673	-1.84102	57.5499
0.461633	0.57346	-1.6036	-0.69641	-0.260558	56.1578
1.67281	-0.45783	-0.0329048	1.17611	-1.69956	54.7173
-0.164497	0.552078	-0.328614	-1.47432	1.38969	58.9266
1.03081	-0.499124	1.29697	0.780644	1.73735	61.3647
1.95791	0.341692	-1.8355	1.38925	-0.644931	61.316
-1.3806	0.936618	-1.5589	-1.22219	-1.97863	58.9955
-1.70213	0.672561	-1.40977	-0.468876	-1.61273	62.1206
-1.56212	1.77496	1.03676	1.19461	0.364715	62.4236
-0.495598	-1.46455	1.26582	-1.95915	0.0333428	60.2794
0.0548343	0.329065	1.87999	0.446725	-1.4529	59.4968
1.05205	-1.67649	-0.990443	-0.316395	1.48233	55.9534
-1.94433	1.91333	0.422347	-1.20146	-1.84176	58.8774
-1.61865	-1.56302	1.09402	1.29306	0.99402	63.1459
1.73671	-1.01226	0.193159	-1.56957	0.326987	59.5943
-1.29319	-1.78212	-1.94137	-1.95329	1.57658	61.4228
1.90237	-1.06947	-1.24014	1.9899	0.212891	57.8638
-0.792538	-1.41449	0.28424	-1.35234	0.686007	61.3532
-0.455486	-1.6523	1.25019	-0.553498	-1.79374	62.6448
1.30105	1.46667	1.79796	-0.3533	-0.61755	62.3201
-0.652469	-1.07367	-1.30184	1.42314	-1.27104	53.2974
-0.408724	1.66417	-1.18816	-0.836577	-1.83471	60.6985
0.846218	1.25073	1.39212	-1.7603	-0.135092	60.8026
1.5717	0.743475	-1.26756	-0.647164	-0.420591	61.2224
1.63584	-1.46449	1.92901	-1.90111	-0.222167	57.6122
1.08837	1.99591	0.638289	1.36135	-0.825711	53.6673
-1.99967	1.54562	1.93392	1.52467	-1.9108	65.2886
1.90758	0.670242	0.885062	0.403522	-0.897871	53.66
-0.0582446	-0.000411928	1.73258	-1.18845	0.752834	53.8202
-0.635978	0.577064	-1.11948	0.258802	0.269817	49.4021
-0.326897	0.970091	-0.682373	1.92217	-1.50479	52.3103
-0.574028	-1.63699	-0.0488832	-0.99872	-0.499279	53.7538
-1.03576	0.350589	-0.700576	0.490383	-1.39276	53.9009
0.719626	-0.822909	-1.48482	0.530012	0.477859	60.022
-0.0177462	1.42556	1.80253	0.133603	0.598286	58.1486
1.52078	0.810966	0.500381	-1.61436	-1.78105	61.1758
-0.15614	0.278269	-1.55822	1.31861	-0.0372726	58.611
-0.874258	0.869518	-1.71068	-1.25242	-0.955339	59.7764
-1.52421	0.710065	0.9861	1.42986	-0.723867	62.8676
-0.461768	-1.78627	1.9908	1.84185	0.701183	63.7924
-1.7047	1.03603	1.50715	1.11036	-0.390769	52.7311
-0.73741	0.277403	1.87595	-1.89783	0.454002	62.256
-0.324968	0.453058	-0.77153	-0.43187	-1.56264	57.21
1.38189	-0.913787	0.655715	-0.675887	-1.97288	53.9802
-1.9868	1.41066	-1.76084	-1.25878	-0.800951	58.9627
0.436756	1.59303	-0.568202	-0.0451488	-1.20561	53.1403
-0.0425975	-1.13025	-1.47768	-0.393175	-1.91363	56.5485
1.97529	0.508138	-0.698323	-1.55483	0.787401	58.136
-0.780488	-1.01714	-1.72539	-1.98132	-1.48276	62.7011
0.703527	-1.3083	1.49091	-0.677866	1.93777	55.0175
0.386161	-0.763195	0.925355	1.62686	0.399298	55.6793
1.51283	-0.0289346	1.42699	1.1737	-0.359789	54.6411
0.0614285	1.33462	-1.37719	0.152905	1.15647	59.0915
0.0914384	-1.00821	0.588607	-0.439414	-1.17871	49.837
0.846028	-1.6343	-0.386595	-0.109123	0.45378	58.6274
-0.801881	-0.649257	1.59504	-0.25346	0.902579	52.0497
-1.70557	-0.203135	1.50873	1.82471	-0.430314	63.1873
1.2131	-1.01048	-1.0189	-1.36454	-1.19098	52.6919
-0.994099	-0.012481	0.946928	-1.87195	1.90637	57.2849
1.92715	-0.146733	1.03297	0.349026	0.850067	57.4146
1.60007	1.24151	1.12971	-0.839344	-1.57705	63.1211
1.8522	0.444342	0.942063	0.264618	-1.51081	60.8054
-1.6076	1.40951	1.93427	1.06296	-0.734397	61.6595
1.14842	-0.305922	-0.216432	0.932457	1.15137	48.0823
-1.08445	0.928246	-1.4824	1.005	-0.981783	51.3096
0.903701	-0.880017	-1.30598	-0.122691	-0.110605	51.6443
0.809923	0.766427	-1.79359	0.947883	1.22012	53.8733
1.30932	-0.474399	-1.14911	-1.99107	-1.62177	64.5597
1.69482	-1.80185	1.98937	1.82552	-0.520442	68.9282
1.38907	0.782405	-0.990784	-1.89337	0.962863	55.8448
-0.909358	0.0337295	-1.99704	-0.0682281	0.233377	51.042
-1.72919	-1.12894	-0.696241	-0.0902804	0.534492	57.1468
-1.21411	-0.602056	-0.441619	0.829853	1.63738	59.3648
-0.0509341	1.53251	1.21856	-0.734776	0.209283	58.4236
-1.5802	-0.0526425	1.45619	-0.769476	-0.917976	57.6338
-0.239189	1.71971	1.43834	1.63518	-1.22881	59.6253
0.934786	-0.488756	-1.98716	1.71294	-1.30219	56.3614
1.14974	1.78777	-0.707219	0.63267	1.18334	61.0478
0.159238	-0.399954	1.85989	0.396927	0.904676	54.2242
0.504238	1.31564	1.17123	1.5711	1.36606	54.7685
0.785562	1.40377	-1.07034	-1.41482	1.25799	55.0288
-1.87771	-0.10445	1.76936	-0.306461	0.490148	57.8486
-1.98359	-0.201411	0.865753	0.987772	-1.74218	60.852
-1.91568	1.35825	-0.73857	-0.699177	-1.77028	59.1104
0.473997	-1.72867	0.390844	1.99466	1.20242	54.6392
0.370166	-0.987178	1.50759	-1.67959	1.9426	60.159
-0.710255	1.64045	0.476583	0.888447	0.83527	51.066
1.218	1.32742	1.03809	0.831286	-0.0974449	54.0732
1.11305	1.74506	0.325523	1.32771	1.95101	54.4688
-1.53053	0.00359974	-1.85086	0.298233	-0.335177	56.1677
0.585812	-1.33413	1.72491	0.0810344	-0.0818175	49.9473
-1.95736	-0.725586	0.924898	0.16063	1.14878	57.4911
1.97251	1.09405	1.86939	-0.924029	0.641135	52.5262
-1.41049	0.597728	0.754475	1.21092	-0.225971	57.9021
0.201582	-1.65724	1.02647	-1.53666	-1.39798	58.0122
-1.21417	0.347559	0.941817	-0.432253	-0.683411	57.1034
1.82847	0.946634	1.46828	-1.8055	0.420659	56.9347
1.42042	0.0650073	-1.89668	-1.55037	-1.83345	62.2173
1.37664	1.95702	0.0963093	1.29189	-0.963058	58.8079
0.662332	-0.882421	-1.61324	0.135311	-1.89248	53.6949
1.35559	0.0856737	-0.13414	-1.4395	0.455374	50.714
0.393424	1.00841	-0.853408	0.163128	-0.485146	55.4463
0.475799	0.592866	0.428619	1.97351	0.0409061	55.4288
1.89006	-1.70943	-1.67127	1.0536	-0.138583	61.1364
-0.201514	-1.63767	1.06249	1.42895	1.23811	59.4087
1.39551	0.196745	0.567913	-0.567446	-1.11715	58.7485
1.03875	0.213524	1.37115	0.272266	0.293109	53.0638
0.796913	0.202715	1.16269	-0.402424	-1.08457	56.3947
1.36134	-1.29677	-0.159231	-1.31029	-1.8902	57.6652
-1.62058	1.38555	-1.15413	-0.19845	-0.172465	61.1196
-1.11274	-1.73081	1.78897	-1.15886	0.878523	55.681
1.49862	0.0494551	1.10333	-1.3507	0.332463	51.2794
-1.43575	1.14771	1.09015	-0.895174	0.618508	54.0685
0.0930288	1.63747	1.33201	-0.937797	0.754108	59.692
0.549731	0.519677	-1.90748	0.528632	1.81075	60.6784
1.74247	1.55058	1.95905	-0.642204	-1.40073	63.7526
-1.11882	-0.322265	1.04751	-1.44892	-0.391074	52.4189
0.862753	-1.64098	1.77041	0.628879	-0.260007	59.3705
1.26867	0.349233	-0.45222	-0.0761252	-0.911562	51.6377
-0.211765	0.35465	-1.75609	0.970503	-1.89995	53.532
-0.699354	-0.673821	0.955276	1.42295	-1.39988	54.4792
-0.731861	-0.296969	-0.62473	-0.745361	1.53929	54.9298
1.52351	-1.6237	-0.0641713	-1.27495	0.994067	59.8149
-0.0582886	-0.13316	0.616661	-0.623918	0.266369	46.2423
1.51632	1.89093	1.14575	-1.62506	-1.89372	59.8002
-0.716162	1.80275	-1.55623	-0.44189	1.18804	64.4951
-1.21231	1.25505	0.17228	-1.03268	1.46862	60.6339
0.610389	-1.67674	-0.647357	-0.174024	0.941606	54.9414
1.79912	-1.54556	0.788474	0.828912	-0.753808	55.6965
0.132127	-1.2188	0.823261	-0.367993	-0.408337	55.3172
-0.40398	-1.99392	1.44565	1.84416	-0.56556	65.3499
-1.53366	0.933571	1.89862	-0.847882	-1.61622	63.1625
-1.90478	-0.20833	0.402878	-1.47296	-0.675724	52.4433
0.572057	1.00662	1.15863	1.60156	-1.12368	60.9941
0.621327	0.787072	1.51314	0.19198	1.72078	55.8798
-0.784458	-0.0268059	-0.114913	1.00975	0.213044	49
-0.0521198	0.917323	-1.13716	1.76701	0.0815168	52.3402
-0.178264	-1.25482	-0.692224	-1.89364	1.28227	56.6819
1.59953	-1.20466	-1.02934	1.99948	0.449794	62.2928
1.67534	-0.81716	1.49445	-1.06005	-1.37312	59.5281
-0.361139	-0.13617	-0.446939	-1.1274	1.32142	57.2776
-1.76946	1.28974	-1.47914	1.71306	-1.99451	60.3876
-1.81813	-0.705061	1.18825	-0.515263	-0.712373	56.1354
1.32195	-1.33994	-0.0847354	0.539109	0.670844	55.2902
-0.18442	-1.45789	0.964776	-1.56738	0.0503103	56.7528
-1.53661	-0.758931	-1.78395	-1.92066	1.14316	58.5113
1.51866	-0.484972	1.2212	1.79345	1.14407	63.6434
0.513483	1.99518	0.787679	-1.15591	1.7439	55.5611
0.190131	-0.456482	-0.460002	1.71362	-0.759285	55.7015
1.17477	0.974656	-1.06134	-1.67676	1.33583	56.6407
-0.489822	0.756809	-1.0535	0.548744	-0.313728	51.5295
0.0702916	-1.51403	-1.57248	1.31177	-0.924384	59.5592
-0.957473	-1.08739	-1.25377	1.01119	0.802323	50.6564
-1.12773	0.646236	-0.192605	-1.61902	0.305214	51.2179
-0.930577	-0.896907	0.573968	-1.74281	0.126803	56.269
-0.740124	-1.07381	0.446987	-1.29462	1.61077	61.9143
1.87028	-0.0889188	-0.071244	1.81268	1.81285	53.4667
1.15486	1.53625	1.01527	-0.658452	-1.45041	61.664
0.401362	-1.77651	-1.25184	-0.022886	0.158114	57.2761
-1.09894	1.40399	-0.235616	1.26602	-1.08938	58.5103
-1.52761	-1.77769	1.81734	-0.332362	0.364028	61.1981
1.03783	0.590382	0.249734	-1.05266	1.38904	54.758
1.78364	-1.49383	-1.04343	-0.67278	-0.235813	57.7858
0.115912	-1.65261	-0.0754703	0.415766	0.976322	55.8504
0.850265	1.24431	1.667	-0.193373	-0.829432	54.2736
1.80656	1.26439	-1.51673	1.47189	-0.353327	56.8376
-0.837041	0.210239	-0.840562	0.404252	-0.956762	50.5744
0.40699	1.83902	1.87009	-1.74656	0.837578	55.7201
-1.25312	-1.8821	0.019148	-1.17551	-0.527831	60.0436
1.59494	1.03408	-0.413373	1.82553	-1.41939	55.434
1.21574	-1.46423	-0.187005	1.78829	1.08479	53.8693
-1.73873	-0.533493	-1.28383	-1.71468	1.0811	59.6718
1.90394	0.673724	-0.37885	1.33783	-0.645617	57.3457
-1.90067	-1.06426	0.205156	1.81106	-1.7507	62.8564
-0.261405	-1.70827	-0.300036	1.18605	-0.620368	52.4937
0.0881612	-0.667729	1.27905	1.91802	1.90941	59.828
-1.76156	-1.57393	-0.121389	1.57076	-1.97318	59.4924
-1.95765	-1.45235	0.558546	1.22404	1.33137	58.952
1.91725	-0.288187	1.72801	-1.38287	1.12791	55.9151
-1.04079	-0.666575	-1.27877	0.255829	1.46434	53.8533
-0.0967403	1.69717	-1.39286	0.193847	-1.71704	57.9625
-0.0336486	0.112289	0.318073	-1.4572	0.21234	48.0707
-1.31192	1.93069	-1.20013	0.0170479	1.53887	61.3178
1.84975	0.659568	1.00573	0.16125	-1.8283	53.94
-1.42532	-1.37059	0.823671	1.81904	1.18102	59.5846
1.13429	0.0605248	-1.43879	0.19281	-0.778893	50.1655
-0.775193	-1.15863	1.72078	-1.49333	-1.75049	60.6765
-0.53509	-1.82814	1.10024	0.144158	-1.14679	55.1965
-1.37589	1.23439	1.77787	0.496564	0.452115	61.2051
1.32572	-1.11908	1.10553	-0.67763	1.98997	61.0215
-1.87351	1.78412	-0.655299	1.17455	0.0108056	51.5928
-1.92357	-0.473855	1.72066	1.85754	1.25031	62.7897
1.57289	-1.10501	1.95468	-1.59457	-0.955633	63.5852
1.86104	-1.61806	-0.749074	1.39243	0.370804	65.714
-1.62107	-0.0799468	-1.1541	-1.00646	-1.97114	52.7931
1.56882	-1.99304	1.90292	-0.437906	-1.71925	62.14
-1.54754	-1.9375	0.60993	1.22778	1.58878	62.685
-0.473832	0.785573	-1.05345	1.13974	1.56062	60.26
-0.321164	1.4437	0.29554	-1.00741	-1.47963	60.552
1.79266	0.350183	-0.388457	1.10479	1.08984	58.6687
1.51732	-0.792131	1.15189	0.461432	-0.212099	50.4174
1.45375	1.05387	-1.36784	-1.97218	-0.300025	60.861
-0.996517	0.0436205	-1.5329	0.0382781	0.642285	53.4787
0.466246	-0.076406	-0.133902	-0.768291	0.478386	50.3334
1.41079	-0.116913	-0.18639	0.785236	-1.55626	54.9565
0.959531	1.37688	-0.295751	1.13114	0.599965	53.6102
-1.04002	-1.67564	0.794459	1.17662	-0.636697	54.0532
0.554257	-1.37516	-1.37611	-1.17876	-1.0382	58.0926
-1.97495	1.50977	-0.646375	1.60216	-0.742186	58.1229
-0.191288	-0.78814	-0.546987	-1.25526	0.112338	51.6543
-1.92696	1.81887	-1.24199	-1.66571	0.448078	62.8581
0.959169	-1.47399	0.240169	1.76084	0.0930845	53.1027
-1.17077	1.1699	-0.944919	-1.0839	-0.969025	52.0002
-0.594328	1.74285	-0.754158	1.09904	-1.33882	56.9498
1.212	-1.79902	1.49248	-0.118121	1.87244	55.3159
-1.23538	0.57747	1.54921	-1.78943	-0.00430147	57.9616
0.251721	1.9109	0.761936	0.54464	-0.486509	58.1096
-1.28155	1.39394	-1.0035	1.12833	1.11877	53.4471
0.955198	0.375484	0.902574	0.847514	-1.57808	54.3138
0.699605	1.30673	1.97953	0.39367	-0.156743	53.9478
1.30825	0.0527844	-1.8593	-0.435766	1.46406	54.6867
0.421274	0.626061	-1.75728	-0.784315	0.169035	58.4452
-1.15438	-1.97037	-1.90187	0.491904	-1.1514	63.7147
0.426369	0.584561	1.52663	-0.0791555	0.776455	51.3007
-0.41579	1.34368	-1.23137	-1.50917	-1.269	54.4195
-1.49692	0.777432	0.83921	-1.85211	0.387921	62.1978
0.406155	1.51457	-0.204673	-0.542463	1.768	54.2363
1.09126	1.56735	-0.0459953	-1.52841	-0.787285	54.7765
-0.957182	-1.67854	0.52025	1.4866	-0.891586	55.9601
0.772774	1.3614	1.27579	-0.877702	-0.690468	53.9656
0.115736	-0.0348986	0.347126	-0.779219	1.04076	53.9828
1.17607	0.232468	1.18866	1.94968	-0.19051	52.805
-1.62057	1.45468	-1.73938	-0.406096	1.75792	64.8282
-0.220313	1.65668	0.271205	-0.707909	1.47236	53.8458
0.458627	0.0477402	-0.0913071	-1.56217	-1.24099	59.1223
0.642428	-0.78136	1.89326	-0.172301	-1.45322	59.1591
-1.63609	1.08879	1.03309	-1.10828	-0.790796	53.49
-0.87236	-1.03597	-1.23704	-0.36463	-0.353581	49.4172
1.9015	-1.12496	1.91058	1.46756	-1.76107	63.5749
-0.364847	-1.31355	0.331685	0.0876651	-1.98049	51.1468
-0.597164	1.33193	1.40063	-1.71531	-0.0420123	57.8263
-0.360929	-1.32639	0.736653	0.206461	0.781318	53.807
-1.17623	0.41078	-0.96225	-1.57623	0.840438	55.4462
1.61744	-1.37516	0.652047	0.033284	1.48837	54.4574
-1.05964	-1.81739	-0.605122	1.87195	0.982198	53.0303
1.80164	-0.773957	-0.086194	0.0779047	0.551086	48.6706
-0.652597	-1.38336	-1.5098	1.13538	-0.328	58.7242
0.215567	0.179408	1.73225	0.527777	0.757147	49.9915
-1.50476	-1.00395	0.294502	0.180797	1.20123	56.563
0.946837	-0.257623	1.63859	-1.72625	0.260096	58.3545
1.16059	0.664481	-1.99692	0.460896	-1.92456	59.3396
1.39959	1.74099	-1.70084	0.215007	1.55028	56.6319
-1.62551	-1.33452	-1.81268	1.05335	-1.85932	59.0637
1.66574	-0.67069	1.02037	-0.147221	1.90257	59.302
-0.146545	-0.56912	0.570145	-0.483237	-0.0957917	49.1523
0.608856	0.852474	-0.00844807	0.744388	-1.37502	54.5301
-0.0484808	-1.74786	0.758414	0.584052	0.924869	50.0422
-0.420305	1.09785	-0.616539	0.449842	1.06774	50.7116
1.90938	0.467413	-0.14523	-0.278947	1.65176	57.546
0.841473	0.357452	-0.078602	1.53751	1.01907	52.8906
0.241341	0.923255	1.54194	-1.04245	0.700395	49.3517
0.494611	1.14061	1.36487	-1.91521	0.197483	58.6644
-0.278467	0.905013	-0.327621	0.268413	-1.89828	55.426
1.53807	1.55094	1.08474	-1.72341	0.705899	65.7884
-1.23039	1.56429	-1.63738	-1.62885	0.638102	65.6095
1.25356	1.4024	-1.8863	1.84265	-0.101656	61.011
0.0163507	0.772603	1.02572	-0.833269	-0.143758	52.0697
-0.233811	0.211723	-1.45084	-0.618137	0.448672	55.0861
1.25756	-1.34914	-0.0720695	0.941554	-1.6118	61.5336
-0.233001	-1.82195	1.25714	-0.219952	-1.58761	55.9584
0.924114	-1.56133	0.921051	-1.60833	1.60147	57.0294
1.49747	-1.67227	-0.421032	1.72087	0.55948	61.952
1.48993	1.79844	1.38792	-0.750525	-0.480382	60.018
-0.323185	1.62174	0.312011	1.97734	-1.2564	61.2722
-0.791455	1.06116	1.30508	0.281102	-0.124061	50.622
-1.00299	1.30515	1.00597	-1.0349	-0.64329	53.7239
0.0223909	1.7583	0.25915	-1.62775	1.24182	51.8787
0.448765	1.86896	1.31393	1.74093	0.680426	64.2586
1.44054	-0.297522	1.22912	0.423803	0.784003	57.9258
-0.145124	-0.200555	-0.82479	1.38842	-1.2749	48.9979
1.40471	0.190296	-1.49415	-0.424926	1.18014	61.7819
1.75213	0.234579	-1.09468	0.534606	1.39486	55.661
0.0220718	1.60757	-0.976402	-1.40148	-1.56229	58.4826
-0.0603114	-0.614274	-1.5329	0.234487	0.0424202	55.68
0.304582	-1.18291	0.349626	1.4075	0.416479	60.4617
-0.0192789	-0.595244	1.24121	-0.832001	-1.50559	51.831
-1.77336	0.551784	-1.3487	1.99503	-1.30838	64.7869
0.180746	1.34136	-1.28686	-0.336589	0.850374	55.6954
0.105928	-0.392923	0.337044	0.535157	-1.9258	53.2261
-1.64212	1.18383	0.763414	-1.81876	1.80966	58.7992
0.135039	-0.452493	0.0600728	1.2853	-0.433311	50.9879
1.72821	-1.01314	0.498254	-1.80998	1.87094	60.1208
0.51224	0.723462	1.60317	-1.99115	1.56114	64.7289
0.997734	-1.77737	1.82009	-0.83447	0.906579	54.3679
0.0258365	-1.78418	-1.67515	0.0731798	-1.95147	58.351
-1.03139	-1.03262	0.916496	0.206799	0.365991	53.7626
0.0776826	-0.850634	-0.170365	-1.24635	0.978894	46.781
-1.4053	1.42489	0.593774	1.10354	-0.80679	55.3264
0.393085	0.830955	-1.66205	-0.686972	1.18646	51.8003
0.329791	-0.619361	-1.35247	-0.156367	1.39165	55.1911
0.32586	0.858971	0.97712	1.83311	-0.622447	56.2408
0.536903	1.81345	-1.84975	1.41221	0.697722	63.685
-0.091066	-1.38346	0.119137	0.507746	1.63715	54.0239
-1.45859	-0.899418	-1.27151	-1.22539	-1.13547	54.5522
-1.1725	-0.709676	1.18213	-0.551341	-0.428527	57.1811
-1.68112	-0.558953	-1.23194	-1.63623	1.05321	54.0467
1.83935	1.2675	0.390914	1.93756	-0.191542	53.9417
1.84713	1.81337	0.695956	-1.90665	1.62443	67.7243
-0.746821	-0.022871	-1.24771	-0.198437	0.178723	51.4599
-0.452949	1.05659	-1.49995	1.94407	0.964901	57.3863
0.930514	-1.18295	0.661846	-0.790123	-1.45592	56.478
1.80407	-0.322661	-1.10704	-1.64928	1.48566	57.4031
-1.39896	1.61005	1.09073	-0.340104	0.945026	51.9399
-1.34677	1.8656	1.3359	-0.77082	1.12864	55.0339
-0.773914	0.940715	1.59892	-1.92461	1.24754	53.4772
-1.14126	-1.61951	-0.308997	0.30534	-1.98829	58.4515
-0.438457	0.291578	-0.809272	0.555089	-1.32412	51.3397
0.290105	-0.802497	0.516214	-1.76818	1.26196	60.5566
1.98849	-1.97428	0.165936	1.47696	-0.216128	60.7334
-0.221271	-0.900527	1.25078	0.354921	-0.322112	50.0828
1.89702	1.96799	-0.188296	-0.952429	1.81441	58.2012
0.522038	-0.017575	1.80057	-0.817098	-1.996	51.362
-1.5688	-0.54708	1.86007	0.695697	0.949169	55.8885
-1.08666	-0.591837	0.452093	0.153393	-1.3006	55.7545
-1.09286	0.14804	1.44532	1.97201	1.87835	55.5989
1.07155	-0.953968	-0.710476	0.958786	-0.558886	49.0182
1.60848	-0.78092	1.39002	-0.964547	-0.614253	61.023
-1.92033	-1.77178	-0.597705	0.329585	0.718752	57.1218
-1.28774	-1.32725	1.19446	0.000207223	1.48693	57.9879
-0.73859	-0.698427	-0.857839	-0.892104	-0.538735	50.1696
1.56733	0.826083	-1.32834	-0.833641	-0.354253	54.4855
1.76799	0.0614057	0.530423	1.47713	1.46354	65.0085
1.49996	-1.51676	-1.9526	-1.16538	-0.657673	61.8457
-0.56593	-1.22509	1.98146	-0.769568	1.35825	54.9495
-1.3504	0.948694	-1.05361	1.24884	-1.8675	54.0532
-1.96327	-1.76991	0.887701	1.5059	-1.36183	66.0012
1.36279	1.66267	1.77657	0.282481	-0.708512	56.835
-1.9834	0.386188	1.35597	1.01234	0.631371	60.8488
0.730064	1.36918	-0.870252	-1.21787	0.592272	57.4277
0.488797	-1.86512	-1.24351	1.09205	0.504268	56.0246
-1.73279	0.701966	-1.69853	-0.628203	-0.923667	62.2276
-0.742792	-1.6395	1.00525	-1.79388	0.609547	60.9268
-1.62094	-1.54897	1.63028	-0.237488	-0.0868011	61.5433
1.36333	-1.82533	-0.72148	0.503346	1.05592	54.6403
-0.308575	-1.8944	-0.97656	1.51981	0.429583	55.3063
1.98864	-0.62135	-1.34891	1.94832	-1.99311	63.5356
0.822906	0.843627	-1.02191	-1.37178	1.06295	53.227
-0.645955	-1.02237	-0.5196	-0.184629	-1.59184	56.4568
-1.37078	-1.41127	0.0855804	0.644856	0.548271	57.977
-1.58738	1.57239	-0.597136	-1.07217	-0.9996	56.4243
-0.333692	-1.92387	0.65357	1.41897	0.989594	53.2811
-0.240767	-0.301332	0.826318	0.829049	1.90251	51.4957
-1.56514	-0.156558	-0.127795	-1.49697	1.79769	57.1699
0.407967	1.1518	-1.89648	-1.60297	0.202122	54.7814
-1.78485	1.094	1.84016	-0.530978	0.370703	56.5243
-1.45234	-0.230942	1.80288	-1.36178	1.14059	56.1351
1.71846	1.03749	0.729512	-0.930433	0.0908373	55.6931
-0.690486	1.30823	1.39169	-1.9224	1.16564	64.0338
1.4475	-1.05391	1.2539	-1.71963	-0.0693345	55.9097
-0.316407	1.6467	-1.59806	0.876732	0.821014	55.1882
-1.50959	1.69838	0.661468	1.23148	-1.60906	57.2328
-1.36579	1.46861	-1.20313	1.68484	0.878981	61.3121
-1.84623	0.200801	0.719093	0.76634	0.609093	57.662
0.361505	0.7976	-0.736032	1.32337	-1.95757	60.7865
1.5736	-0.788369	0.160339	-1.52696	0.390532	58.063
-0.0686405	0.696831	1.2878	-0.207618	-1.76505	49.69
0.928004	-1.63779	-1.05994	1.39182	0.563224	59.7376
-0.45872	1.2123	1.4979	0.219995	0.0945624	56.3378
-1.34403	1.0418	-0.651581	0.499827	-0.484065	54.8472
1.58403	-1.26323	-1.01514	0.385761	1.33935	60.6477
-1.0289	0.254319	1.58162	1.26257	1.51643	63.7727
-0.611452	-1.75357	-0.643842	-0.529718	-1.49842	59.1354
0.99414	0.285683	-0.669458	-1.20299	0.723872	57.8456
0.142813	0.649408	1.6629	0.173746	0.786924	57.9456
-0.518615	1.3145	-1.86897	0.017055	0.00771066	51.4946
0.109567	-1.72907	1.94178	-1.7692	-0.757373	64.0204
1.77813	-0.285999	-1.02479	1.26521	1.04288	54.0707
0.75088	1.92447	-1.72622	0.832714	-0.432397	59.5298
-0.5385	0.929941	0.838223	-1.53871	-1.65854	60.3509
-1.81714	-0.76401	0.780632	-1.28085	0.55207	52.909
-1.29738	1.90938	1.44596	-1.08375	1.00978	52.912
1.17995	-1.07331	1.40309	0.0289295	-0.608296	53.0926
-0.269396	-0.535984	0.690898	-1.19892	-0.901642	55.0185
0.803379	0.9663	0.390033	1.75586	-0.170573	49.4885
-1.04764	-1.58845	0.696195	-0.0914403	1.22138	59.746
-1.72945	-0.556373	1.75725	0.949406	-1.96355	59.0379
-1.67932	-0.0691645	-1.4957	1.61908	-0.21469	60.5276
0.0736728	1.04601	1.23995	-1.3681	-0.152963	56.4093
-0.856257	0.6043	1.16372	1.80612	0.953943	56.628
-0.987432	-0.827094	1.72696	-1.48013	-0.850967	61.1687
1.26081	-0.905673	1.08486	-0.326038	-0.370462	52.2869
1.82169	0.73688	-1.07796	-1.05672	-1.06982	55.2909
-0.883368	-1.79695	-1.74637	1.08504	-0.0670554	52.6838
0.0785483	0.284489	1.18057	-1.86243	-0.996213	52.6729
-0.379178	1.46919	0.396874	1.27208	-0.692784	58.7031
-0.450547	-0.272103	0.785941	-0.125087	-0.109681	47.2919
1.54851	1.90515	0.204434	-0.786716	1.1425	59.8327
1.99071	0.842947	0.410104	-0.288712	-1.6976	61.126
-0.11435	1.77538	-0.956242	-1.94139	1.751	56.9392
0.872751	-0.653881	-1.41538	1.96089	1.2151	55.7371
-0.584585	-1.08595	-0.364918	1.49163	-1.66207	55.8888
-0.802375	-1.70469	-1.72706	-1.09857	-1.81734	55.7243
0.522873	-1.20322	0.632107	-0.612521	-1.07739	54.9077
-1.58712	0.983203	-1.0772	-0.676344	-0.283517	53.7179
-1.69125	-0.2126	-1.50739	-1.09201	0.549185	53.8599
-0.141377	-0.876049	-1.45822	-1.12124	-1.92048	57.5576
1.28456	1.58	-0.749279	0.0324125	-0.568989	55.4966
-1.38119	1.47384	1.62289	1.69151	-0.969095	64.8223
1.3791	0.702732	1.45469	1.1415	-0.659283	56.3924
1.87081	-1.23131	0.649653	-0.596824	0.722381	58.8063
1.82985	-0.89762	-0.343795	-1.75172	0.539739	52.6572
-1.90998	-1.53708	1.52607	0.752479	-0.956597	58.7584
1.51551	1.01019	-1.29829	-1.66021	1.67879	64.3145
1.93817	1.03121	-1.51974	-0.126857	1.78109	63.1918
1.97062	-1.82471	1.35089	0.260704	1.26069	63.5855
-0.131944	-0.602623	0.720186	-0.874085	0.224921	47.5823
0.193963	1.45889	-0.999014	-0.950266	-1.64667	51.0087
0.794978	-0.116023	-1.16411	0.670658	-0.77797	54.4114
-1.53086	-1.15961	-1.10353	-1.30223	-1.8465	61.7878
1.97459	-0.99168	-1.04814	-0.0987393	1.30977	52.1461
-1.58908	0.516641	-0.469643	1.63553	-0.456568	65.169
-0.0513008	1.83144	1.15892	0.557198	-0.705873	55.2861
-0.528998	-1.47262	-1.15915	1.73842	-1.12807	56.5387
1.02119	-0.183542	0.516232	-0.378278	-0.0298787	50.8242
-1.90926	-1.05119	1.44819	-1.93861	1.06844	62.6128
1.46176	0.632331	-1.21625	0.0238388	0.195916	50.3756
-0.167908	1.90932	-1.18207	0.462637	0.942588	50.6489
-0.395205	-0.154757	-1.0118	0.809091	0.206807	54.5408
0.322884	-0.823498	0.821455	-0.928923	1.44966	52.4116
-1.40485	1.71059	1.60052	1.96236	-0.574103	64.7108
0.390325	1.77982	1.43912	0.322345	1.19218	58.5134
-1.19037	0.2705	0.141706	-0.547713	0.919744	47.2011
-1.04848	1.32001	0.490949	-0.420865	1.55446	57.9674
0.155739	-0.187083	0.323542	1.6074	-0.322922	49.8271
1.38651	1.58702	-1.87419	-1.04275	-1.17572	61.1145
-1.93608	-0.919426	-1.46637	0.157442	0.140708	59.7189
-1.17413	1.62072	-0.741831	0.480014	0.786138	60.4437
-1.89954	0.328401	-0.593955	-0.366572	-0.863301	58.2333
-0.59768	0.369509	-0.508434	-0.498893	0.221958	49.4799
-1.41957	-1.69923	1.77359	-0.102585	-0.973993	57.097
1.05227	-0.149494	1.80319	0.269697	-1.92457	60.5239
-0.588566	-1.02382	0.756573	0.978795	-1.64847	58.3699
0.886263	0.457997	-0.535833	-1.68407	-0.521705	56.3989
1.34723	-1.41624	0.409114	-0.482691	1.59927	63.9074
0.193632	0.908066	-0.266782	-0.37713	-0.115727	47.9798
-1.59807	-0.618708	-0.11673	-1.49141	1.37764	54.2337
0.633325	-1.42099	-0.0616158	-1.69279	0.034497	53.0769
-1.52884	0.0738859	0.581005	-0.22954	-1.35731	53.2325
0.262284	-0.579889	-1.93351	-0.737499	-1.65616	59.8477
1.15084	-0.137521	-0.994726	-0.129277	1.68366	53.1956
1.83188	1.55657	-0.19976	1.50182	-0.117972	60.8247
0.597402	-1.0812	1.8199	-1.2844	0.106901	51.5697
0.126011	1.2144	-1.22221	0.00878452	0.197908	50.0995
1.15205	-1.12063	-1.70052	-0.6947	1.75043	55.4435
-0.24991	0.0322466	-0.78848	-0.0467262	-1.88505	51.3137
0.836602	-0.129358	0.894409	1.36037	0.383346	48.1423
-1.3479	1.6451	-0.0676866	-0.0387541	1.59146	62.3583
-1.31375	-0.876631	-1.49398	0.664729	-0.644111	59.1074
-0.351747	1.39072	0.424945	0.0225354	-0.522338	58.6069
1.37068	0.76471	-0.423317	1.98182	-0.581268	55.3553
1.71698	0.222359	-0.0977776	1.31178	-0.0518463	49.6412
-0.699593	1.49485	1.8919	1.936	0.0619362	61.0923
0.533169	1.01569	1.95137	-1.21464	0.941034	53.1472
1.81126	-0.0728463	1.31966	-1.38578	-0.186697	57.0651
-1.59422	1.11133	-1.22656	-1.57047	0.435035	54.3052
1.79313	1.37666	-0.514834	0.629264	0.263454	52.8307
0.0517782	1.36867	0.498285	1.34686	-0.437303	58.0461
-0.645935	0.463698	1.13122	0.236837	0.763917	48.4894
-0.225963	0.338658	0.988166	0.950481	-0.648315	51.4913
-0.621707	1.91055	1.92503	-0.758842	1.2779	54.9207
0.648031	0.0279949	-0.428458	-0.438013	-0.0773989	54.4385
0.756956	-1.87011	-0.25081	1.96962	1.63392	57.8539
-1.92369	0.0631007	-1.65199	0.782947	-1.34865	62.6495
0.61637	1.80218	-0.164867	-0.677313	1.3051	54.8146
0.59419	-0.869521	-1.50836	-1.8421	1.68688	61.2148
0.0476237	-1.40947	0.71427	-0.764074	0.814409	52.8399
-1.03532	-0.65606	0.677949	0.624424	-1.82972	54.2692
-1.51975	-1.03166	0.633129	0.897612	0.416096	52.7249
0.663871	0.93987	1.34978	0.821707	-1.49185	56.7824
0.332884	-1.69035	0.224581	0.752661	-1.50447	59.262
1.42609	-0.460557	0.298411	0.859955	0.0590239	57.4287
-1.66622	-0.472044	-0.893987	-1.47996	-1.92053	56.8625
-1.50263	-1.36121	0.725223	0.306129	1.26794	58.5942
-1.66784	1.24539	0.811085	1.63986	-1.56703	65.4827
-1.03462	-0.865525	0.401816	-0.583378	0.539522	55.2318
0.118347	-0.457686	-1.11075	1.91288	-0.813083	49.6789
-1.51056	-0.0553441	-1.32895	-1.97468	1.32412	59.6989
-0.790304	1.01339	1.27747	0.584995	-1.64437	61.2697
1.57581	0.68665	-0.453386	-1.22019	-0.523719	53.323
-1.8573	-0.936765	1.02164	1.59545	1.54153	54.7834
1.84722	0.615818	-0.180457	0.415995	-1.35768	53.0847
1.34773	1.86568	-0.399256	0.88306	1.20229	56.7888
0.457623	-0.81393	-1.61653	-1.38107	-0.422253	53.2394
-0.753657	1.06605	-1.25733	-0.119698	-0.113507	55.518
-0.0292148	1.33828	0.11751	1.70867	-1.58587	56.5872
1.6284	-1.67437	-1.03362	1.64964	-1.37483	66.3588
0.266022	-1.5426	-0.571797	-1.39278	0.835013	54.7691
1.96697	0.0101063	0.331563	1.8991	1.859	54.63
1.99972	0.705631	-0.338421	0.120225	0.373046	50.7203
0.43986	0.970988	0.0508203	-0.344062	-1.04785	55.0302
0.314004	-0.113293	1.52159	1.25058	0.626611	59.6117
1.57107	-0.00119756	-1.01012	0.114473	-1.33177	54.9969
-1.69924	0.593991	-0.4995	-0.166203	1.28786	58.7649
-0.830544	-0.25282	-1.74457	1.08332	-0.0395068	56.9204
-1.74673	-0.560255	0.786137	-1.56163	1.03793	56.4324
-0.951807	-0.284332	-1.34785	0.681751	-1.82712	59.2126
-1.93572	0.331751	-0.935541	1.11846	-0.70136	58.5217
0.935302	0.0803772	-0.347564	0.694863	-1.19171	49.6014
0.266793	1.17541	0.60006	1.60892	-1.41993	56.7751
-0.297362	1.48863	-1.01764	-0.7359	-0.421141	58.0902
-1.61507	-1.56628	0.643431	0.0374487	0.119261	52.1467
-1.93187	1.17064	-1.98206	1.12035	1.46663	57.2909
0.723523	1.28258	0.934248	-1.49465	0.116857	55.549
-0.736568	-1.85372	-1.48248	1.01445	1.47976	62.8563
-0.583042	-1.08144	-0.590748	-0.593873	0.169309	50.2168
-0.052871	1.54157	-0.981898	0.389238	-0.362079	53.5274
-0.515963	-1.76607	-1.65089	-0.670484	-0.0317822	59.8391
-1.84866	0.959796	1.95775	1.78438	1.73109	56.8029
-0.880928	0.752705	1.91902	1.36979	0.753667	60.4624
0.0119815	-0.843301	-1.20868	0.309452	0.231061	55.3289
1.37439	1.11904	-0.0202174	-0.59922	-0.787086	56.3645
1.50311	-1.42615	-1.77877	-0.903176	1.87909	59.4937
-1.17922	-0.482939	1.11455	-1.30669	0.74049	60.3231
-0.24914	1.59991	1.38387	-0.488386	0.492276	63.2483
-1.02448	-0.987988	0.980577	-0.499074	0.912033	51.239
-0.216977	1.18135	-1.37433	0.241188	1.06708	51.4948
0.417259	-0.948922	1.64604	-1.08129	-1.05321	59.1539
1.18164	1.83004	-0.239896	-1.50085	-0.926592	58.1978
-0.444512	0.880521	0.136987	0.446839	-0.413738	53.7751
-1.52796	0.891641	-0.705619	1.3507	-0.721478	58.9417
0.0172275	1.93196	-1.87212	0.40654	1.57125	63.1378
0.991265	-0.135205	-0.899249	0.342021	0.48932	54.3198
1.85021	1.00864	-0.475483	-0.0304766	-0.539347	51.0864
1.94975	0.640593	-0.697226	-0.639188	-1.12928	55.7814
1.8453	0.156308	0.972797	0.288426	0.838619	52.7686
0.225594	1.40704	0.447426	1.31506	-1.28305	59.5727
-0.500774	-0.285588	0.970392	-1.82684	1.23374	57.4804
-0.522372	-1.22346	0.586684	-0.979087	1.44791	60.7803
-0.104386	-0.143968	0.18649	1.73264	-1.32257	50.3537
-0.117975	1.9655	0.264251	0.476559	0.661874	55.5924
-0.646451	0.52241	-1.48499	1.57921	-0.650384	62.8622
1.21995	0.626984	0.918255	-1.89706	1.37078	56.0001
0.46435	-0.304009	0.879138	-0.967266	0.120421	47.3441
1.66438	-1.55525	1.73121	0.906229	-1.33246	61.3969
-0.455228	0.938515	1.67933	-1.66122	0.354323	54.3085
-0.175171	1.73805	-1.44677	0.299051	-0.615594	52.6522
-1.78292	-1.23337	0.591588	-0.0347112	1.51095	60.779
-0.0541291	-0.147015	-0.824338	-1.10725	-0.218694	50.4753
-0.335758	1.33813	0.0967874	-1.3454	-1.86753	53.3074
-0.84752	1.09193	0.584362	-0.864598	0.950779	54.3286
-0.678066	1.38801	0.880436	-1.62353	0.255291	53.6531
1.07589	-1.58975	1.48631	0.0413234	0.231451	52.4703
1.5576	-0.0202766	-1.38441	0.245224	1.51249	63.0167
-1.42625	1.56708	0.84405	1.12064	-0.63234	63.2804
1.93372	0.991384	1.04883	-0.153014	0.593558	48.7681
-0.788715	-0.862737	0.47401	-0.684855	0.333461	54.2285
-1.65273	1.99598	-1.91577	0.720412	-1.91181	66.9874
0.60992	-0.176784	-1.14739	-0.505651	1.62442	55.4886
1.59883	0.624794	1.68907	0.313884	0.179389	59.5202
0.481007	-1.96626	0.613929	0.717291	1.28366	58.3988
-0.0318584	1.76484	-0.0469478	1.69863	-0.475427	57.1697
1.5246	0.404984	1.48137	-1.64631	1.56426	59.0404
-0.332633	0.369064	0.507596	-0.788914	0.744951	49.8915
0.58976	-1.14931	1.12399	-0.358608	1.71674	51.3134
-1.349	-0.0387296	0.00819546	1.38886	-1.50325	60.3365
0.915402	1.36498	1.0631	-0.87912	-1.40403	58.3282
-0.624943	-1.63418	-1.83011	0.877538	-0.00557554	59.7342
-1.83561	-0.663924	0.567757	-0.373934	0.693723	59.5513
1.00891	-1.06401	1.97182	-0.997832	-0.360067	56.5931
1.61221	-0.371123	-0.660293	-0.338001	0.294433	52.2289
-0.355524	-1.22151	-0.718068	-0.806933	-0.721268	57.5357
-0.643596	-0.890927	-1.79818	-0.17461	-0.0872852	55.8806
1.29351	1.61963	-1.5284	-0.347103	-0.194097	54.8738
-1.78253	0.594309	0.924969	1.82608	-1.12929	56.4322
-0.747947	-0.625732	-0.945581	-0.430882	-1.6913	56.4929
-0.866189	1.33235	-1.49613	-0.621582	-1.69281	54.5245
1.24453	1.73885	-0.0302642	0.538025	1.48584	61.5774
0.181431	1.01678	-0.929096	-0.362996	-1.77692	52.3204
1.72208	-1.56284	1.33948	1.97736	-0.0343643	61.3851
-1.48256	-0.275423	-1.58781	-1.71391	1.64007	58.8587
0.81485	0.330059	1.23509	0.132591	0.505008	56.0636
1.03722	1.66249	1.27548	-0.637209	0.685359	59.3813
1.48717	-1.3423	0.664126	0.75947	0.603292	58.191
1.31106	1.92296	-1.27281	-1.01391	1.09445	56.4986
1.8081	1.29884	-0.198592	1.5723	-0.760334	53.8267
1.97582	-0.742813	1.38713	1.48768	0.445523	65.9952
0.513111	0.368911	1.50953	-1.86365	-0.914055	61.0559
0.840785	1.49996	0.478896	1.97032	0.575326	54.0573
-0.466929	0.870728	-0.325089	-0.651958	-1.28922	57.4727
1.37115	-0.0736966	1.32433	-0.278488	0.0650597	56.9528
-1.01209	0.154078	-1.6912	0.117881	-1.9237	52.6028
-1.86595	-1.17545	-1.28901	-0.562432	1.24128	54.8741
0.295627	-0.876731	-1.06117	-0.444698	0.535978	51.4322
1.49415	1.15461	0.819575	-1.04684	-1.94602	61.2383
-0.0132998	-1.52198	1.05456	-0.483543	-1.96047	52.6226
-0.029569	0.377363	-0.382411	0.737735	-1.91014	57.4399
0.477013	0.45712	-0.120516	-1.93697	-1.79121	56.8848
-0.923668	-0.696965	-0.392264	1.58945	1.11958	57.8317
-1.87114	-1.78117	0.112191	-0.0892363	-1.41537	61.6319
1.59321	1.38624	1.65549	1.60854	1.11129	65.0776
-0.171374	-0.68547	0.180683	-1.99587	-0.666343	52.3411
0.745213	0.209251	-0.183744	0.313903	1.89747	49.0319
-0.0998575	1.26639	-0.292772	-0.493463	-1.24079	51.2835
-1.89329	-0.597428	1.70275	1.60745	-0.808006	55.9629
1.74095	-1.16287	-0.76704	1.37902	-0.329166	61.0697
1.02109	-0.802668	1.2221	0.706474	1.98695	50.4235
-0.7186	-1.04109	0.635946	1.25262	-1.52587	60.1988
1.52298	1.56251	-0.292138	-0.0408471	1.17407	51.8473
1.49143	0.948637	0.54257	-0.698058	0.387368	58.9586
-1.12824	1.53852	1.36366	-0.323075	0.000176847	57.6598
-1.4177	1.85115	-1.64197	-1.99692	-1.72318	59.2966
-1.91935	-0.415451	0.67114	1.24026	-1.70727	63.5873
0.839475	-0.643402	-1.44427	-1.99061	-1.01609	61.2399
-1.91022	-0.797403	-0.932746	0.388126	-0.287053	55.9609
-0.687081	1.1339	1.9355	1.11881	0.652328	58.0556
0.52867	1.59157	1.09979	0.0379695	1.13952	50.893
-0.594577	-1.48406	0.902905	1.57754	-0.325163	53.6434
0.327647	-0.0592524	0.792713	-1.42338	1.37243	58.278
-0.610063	-1.11649	1.55284	-1.6559	1.47106	57.1473
0.779825	-0.670826	0.430997	-0.999932	-0.238549	53.4757
-0.564297	-1.42762	0.197839	-0.570132	-1.35485	54.6905
1.08041	1.89948	0.906859	-0.260853	0.588956	53.8687
-1.6171	1.67254	0.19309	-1.71818	0.397814	60.4186
1.33024	-1.76118	-0.0964145	0.35322	0.265031	50.3819
0.7909	-1.73588	-0.700273	-0.793754	1.51435	61.9731
-0.573304	1.53969	1.89361	-1.15338	-0.784003	56.7718
0.736803	1.66398	1.306	-0.0315974	-0.753211	59.4141
0.133342	-0.247908	-1.13787	1.01722	0.569214	50.2893
-1.36696	0.729789	-1.00931	0.0279828	-1.08921	47.8426
-0.783777	1.43657	-0.397268	-1.94533	1.48663	57.3752
-0.56305	0.00432158	-0.264402	-1.678	-0.184649	51.1565
-0.728239	0.818446	-1.44107	0.502488	1.64991	59.0762
-1.35326	1.25694	-0.883772	-1.34603	1.88013	61.0581
-1.97369	-0.354029	-0.244516	-1.09495	0.0404927	50.9504
-1.62503	-0.513945	1.32146	1.5116	1.60774	58.3601
-0.32582	-1.63264	-0.324564	-1.61925	0.884844	60.161
-1.49143	0.0328332	-0.997617	0.384487	-0.685863	51.299
0.238699	0.612545	1.12329	-1.41346	-1.92823	54.4732
-0.788218	1.62103	-1.02665	-0.870573	-0.986016	49.004
-0.675454	-0.122944	-0.487806	-1.3611	0.0676896	48.2579
0.941446	-1.53546	-0.494175	0.0857594	-1.20801	59.2675
-0.502713	-1.98864	1.62765	-0.708874	0.238316	59.4617
-1.22992	-0.38898	0.373947	1.41253	1.34987	55.4839
0.331981	1.99488	0.132403	-1.76142	1.586	63.484
0.830254	-1.14492	-0.44672	-1.66863	0.314711	51.3506
-0.356276	-0.124208	1.48943	-0.992886	-1.21972	54.0071
1.71134	0.520078	1.64259	-1.78711	-0.62532	64.9048
-0.724973	-0.353847	-0.866989	1.19025	0.58457	49.4495
-0.386771	-1.65819	-0.281229	0.515004	-1.21142	57.534
-1.40578	-0.0492362	-1.33829	-0.51213	0.787327	50.7967
0.43482	-1.67005	-0.259799	1.05151	-0.500616	57.0325
0.577778	-1.10972	-1.32014	1.5576	-1.52517	64.1522
1.11885	-0.670536	0.529016	-0.656896	-1.66187	60.9697
0.481483	-0.523957	0.910645	1.20701	-0.933841	53.6184
0.136248	-0.978699	0.45939	-0.802351	0.0302539	50.3468
1.44044	1.89291	-1.19901	0.590909	1.42818	59.2277
-1.2336	1.28932	0.728552	0.467195	0.92534	60.1161
-0.724564	-1.96542	1.23292	-1.69025	-1.80364	59.907
-0.879	1.77687	-1.46517	-1.79666	1.66128	66.7551
1.03638	-0.746385	-1.09822	-0.511965	0.544264	56.2669
0.409608	0.318971	1.25255	1.4475	-1.40761	57.7967
1.49338	-0.517709	0.183103	-0.374575	-0.816869	53.0127
-1.71219	-1.33148	0.954242	0.87057	-1.35357	55.5744
1.03391	0.0339901	-1.44109	-1.29673	-1.15089	51.5464
-1.25158	0.692909	-0.162558	-1.60863	0.51341	60.493
1.13196	-1.4616	-0.025131	-1.8707	1.33937	60.179
0.0124744	-0.714155	-1.7788	-0.547822	-0.309322	51.1697
1.20829	1.94961	0.406865	-0.714148	1.10064	51.6937
-1.25374	-1.33831	1.3037	-0.694986	-1.47799	56.3443
1.34803	-1.49247	-1.88809	0.201463	0.0236996	54.8883
-0.477019	-1.13673	-0.833424	1.01779	1.44544	56.226
1.94968	-0.00892462	1.74985	1.73151	0.782701	53.1786
1.79727	1.59215	-1.10543	-1.56389	1.49832	64.6212
1.07138	-0.845784	-1.5588	-1.52554	-1.51418	65.1905
-1.60956	0.441879	-1.92452	1.21127	-1.10732	62.5163
-0.343973	0.297242	0.434584	1.19165	-1.48295	56.4165
1.01773	-0.285474	-0.374215	1.45064	1.3772	59.7012
0.647289	1.27641	1.97185	1.44872	0.420577	58.0263
-1.49847	-0.130832	-0.265152	-1.34244	1.39854	57.8574
0.982978	0.136259	1.82645	0.743841	-1.4136	52.3162
-1.52838	-1.6534	0.849148	0.333483	-1.38536	57.0424
1.78261	1.81287	1.62932	0.501047	-0.271954	60.6807
-0.243519	1.90665	-0.00236484	0.621275	0.577107	59.0219
1.46683	-0.353589	1.70146	0.761125	-1.24468	61.4447
-0.0513547	0.228986	1.77295	-0.603485	-0.924518	55.2239
-0.508924	-0.959023	0.0767862	1.50416	0.282025	57.104
1.84868	1.554	1.51794	-0.865524	-1.04123	59.0982
-1.91182	-1.5778	1.72826	1.10651	1.53135	58.0205
-1.56189	0.363226	-0.989863	-1.63348	-0.665577	63.0905
0.77125	-1.241	1.91137	0.793649	-0.998207	60.0647
0.195382	-1.90222	-0.980229	-0.251515	1.85247	59.8058
-0.0710936	1.53538	0.608085	-1.78067	-1.69892	65.1438
-1.73618	-0.510024	1.79596	-1.90979	0.88738	64.9416
-1.77038	-0.013336	1.28801	1.44724	-1.53546	60.2787
1.4018	1.43347	0.272735	0.134115	-0.222845	50.7826
0.606143	1.4555	-1.48903	0.0191538	-1.25058	61.5042
-1.00179	1.52269	-0.421188	-0.774015	0.760216	52.5653
-1.71254	-0.412656	0.934944	0.0255639	-1.06684	50.1814
-1.72066	0.364546	-0.240749	0.19306	0.181125	51.6393
1.73028	0.794341	0.384523	-0.216856	-1.62834	58.7043
0.234456	-0.907216	1.00178	1.79467	-0.75695	56.6278
-1.22252	-1.61658	1.28068	-1.98794	-0.491128	62.5269
0.152121	-0.931706	1.24297	-0.155741	0.792608	53.7796
-0.52061	1.89893	-0.421583	-1.6985	0.952707	57.1112
1.76181	-1.99422	1.7527	-0.613884	-0.756778	63.1531
0.586534	-0.0915959	0.329296	-0.249436	-1.53175	56.5143
0.20855	1.95645	0.564159	-1.87604	0.189198	55.2326
-0.486467	1.4626	1.44982	1.77867	-1.95006	64.4982
-1.04604	0.601214	-1.69303	-1.59884	0.192776	59.8762
0.433755	1.30683	-0.79672	0.188198	0.170469	56.402
0.254146	1.97067	-1.29952	-1.52335	0.0104237	52.1413
1.43935	-1.21132	-0.979931	-1.35707	0.456658	53.2048
-0.754811	1.80054	1.09507	1.17704	-1.43983	57.787
0.348007	0.280288	1.36338	1.92793	1.87005	60.8821
1.4076	0.213197	-0.623847	-0.358836	-1.27417	52.3316
-1.63671	-1.5833	1.06547	-0.144484	-1.43385	59.2999
0.629824	0.286265	1.14011	-1.23995	1.76971	54.8395
-1.89191	0.234073	1.46165	1.27069	0.759703	52.893
-0.637542	1.57634	1.16934	0.714171	0.159956	52.7558
-0.16174	-1.88452	-0.070707	-0.801135	1.64979	50.0879
0.642921	1.94578	1.33899	-1.05627	-1.34458	58.7487
-1.6044	-1.07322	0.430855	0.0888474	1.72757	53.0098
-0.596865	-0.907027	-1.45198	0.696177	1.5236	57.7716
0.794731	1.474	0.404273	-0.448543	1.38662	57.1638
-0.536711	-0.886121	-0.604347	1.10458	-1.48852	51.604
1.54122	0.133399	0.920609	0.520509	1.75902	56.9605
-1.01708	0.473217	-0.916533	1.91924	-0.117038	55.9714
-1.31251	1.42703	0.771354	0.715549	1.739	59.9129
1.52031	-0.227558	-0.634981	-1.62328	1.29289	57.184
1.25369	-0.819604	-1.89424	0.0149672	0.573888	54.8722
1.34887	1.7766	0.953248	1.00028	1.79393	58.8721
-0.275157	-1.5474	1.63875	0.553085	1.46716	58.2299
-0.194145	1.88158	-1.56663	-1.81405	1.34885	61.7786
-0.910438	-1.95758	1.06927	-0.960435	-1.04683	57.9652
1.39662	-1.19731	-1.59517	-0.273931	1.44341	60.4721
0.662247	-1.61206	0.807934	1.99536	0.952968	61.0067
1.39134	-1.81267	1.91292	1.19337	-0.511721	57.7162
0.703499	1.29365	-1.02439	1.98174	1.7451	61.1504
-0.85257	0.950856	-1.37876	-1.72501	-0.214732	60.6699
-1.32586	-0.413384	-0.133163	0.128598	1.69667	54.5728
-0.0077051	0.356362	-0.16297	1.95173	0.946411	54.1437
-1.05385	-0.950347	0.0513899	0.791766	-0.880385	52.0642
0.0742026	1.86691	-1.14815	-0.16337	1.30323	55.8094
0.310577	0.771924	-1.86591	0.924519	-0.0140793	54.2931
1.78601	-0.835498	-0.212911	0.0810377	-1.59291	60.4638
1.83517	-1.43354	-0.584405	-0.858219	-0.441416	61.7628
-1.48459	0.551764	-1.90364	0.452235	1.34928	58.9929
0.891082	0.839936	1.66894	1.87664	1.22065	52.3944
0.364105	-0.961719	-0.040894	-0.235778	-0.307565	51.1965
-1.32812	-0.731257	1.57177	-1.14882	0.129824	56.3155
0.86534	1.61675	0.393679	1.46257	-0.0151701	61.5839
-1.88625	1.233	1.27157	0.505623	-1.73508	55.5013
-0.104962	0.22289	1.82966	1.31951	1.67904	61.9738
0.739092	0.801194	0.191353	-0.170924	0.542254	52.9713
1.27052	-1.80545	-0.0585636	-0.526116	0.177886	56.2263
0.728926	1.66412	0.75239	1.99304	-1.26994	62.1688
-0.850734	1.55941	-0.113521	0.713629	-0.923903	49.1771
1.51337	-0.514029	1.53554	-1.28764	0.631365	60.2409
-1.77775	-1.82272	-1.28176	1.92031	1.36891	58.0271
0.844061	1.07851	0.454119	1.55712	1.70104	59.9047
0.504186	0.00674181	0.944676	-0.533292	-0.289855	51.8014
1.05614	-0.450721	-0.832766	0.919199	1.52011	56.4471
0.0695773	0.259812	-0.233855	0.061966	-1.68571	49.435
0.238349	-0.432633	1.89697	1.0738	-0.148158	52.4956
-0.113458	-1.78708	-0.426214	-1.45507	0.105746	57.8207
-0.0831026	-0.370776	-0.635494	1.49886	0.646173	55.8527
-1.50681	1.79007	0.0374744	-0.116437	-0.747639	50.1383
-0.832583	-1.90953	-0.0911444	-1.15715	-1.27601	58.0326
1.13018	1.95771	-1.16978	0.312018	-0.717354	55.5422
-1.53869	-0.770765	-0.0286788	1.47731	0.656169	53.5593
-0.80284	0.771175	1.66835	-1.43709	-0.281257	56.1709
-1.10525	-1.57466	-0.805099	-0.788281	-0.671846	58.744
-1.03235	-0.206753	-1.70356	0.107889	-0.178654	54.4758
-1.9168	-0.136351	-1.10859	-0.337563	-0.462576	53.903
-0.8589	0.53642	-1.4645	0.618715	0.33855	51.1851
1.18627	1.22458	-1.38842	1.60626	-1.15923	59.219
0.398821	0.482371	-0.366534	-0.71739	1.36854	55.6993
-0.509842	0.521614	1.69771	0.61728	-0.69476	60.5538
-1.47036	-0.943094	1.12736	-1.65563	1.90199	63.957
1.06556	1.56559	1.45531	-0.721892	0.490047	59.7722
0.903739	1.7837	-0.32356	-0.5028	1.57907	57.56
-1.46499	0.992118	-0.175295	-1.21657	-1.93791	59.6276
-0.973038	1.23562	1.36768	-1.15913	0.990829	56.9178
0.899128	-1.65571	-0.572765	-1.82194	-0.176181	55.2843
-1.18759	-1.64012	-0.675451	-0.437921	-0.0696132	56.0332
-0.752087	1.86697	-0.751481	-1.33212	0.175298	55.7693
-1.74664	-1.30073	1.44981	0.129812	0.483842	53.408
-0.217772	0.294514	1.71877	1.24612	1.08267	59.606
0.236535	0.559602	0.581631	-0.558906	1.20428	50.998
1.17922	-0.635412	1.49875	-0.00177475	0.764517	54.2155
1.78899	0.856958	1.34843	1.19213	1.29892	63.2048
1.29652	0.104619	-0.129672	-0.297983	-1.84963	48.9036
-1.6539	-0.361779	-1.32256	1.42702	0.461625	64.6138
1.21716	-0.973439	-0.129148	0.913015	1.4033	58.1361
0.162199	-1.54435	0.0908466	0.916283	-1.87663	56.4416
-0.299306	1.70603	1.33735	-1.78674	-0.643426	58.6886
-1.48085	-0.531945	0.971304	0.689196	-0.284184	60.5494
-0.908747	1.43265	-1.91971	0.346504	-0.301987	54.5874
