1.12011	-0.356303	0.318777	-1.4402	-0.39593	51.288
0.509268	-0.703396	-1.02096	0.779021	0.37561	49.6327
0.527168	-0.238971	-1.66509	0.849321	-0.288546	51.6929
-0.808878	-0.0316609	0.961186	-0.569084	-0.33116	55.6945
1.10802	-1.88807	-1.30437	-1.38367	-1.69165	65.4488
1.55946	1.00151	0.773613	0.0470535	-0.142928	56.4403
0.273723	-0.789802	-0.0107648	0.733052	1.66679	57.2699
-1.56428	-0.0180329	-1.06866	-0.252557	1.00617	50.5919
-0.636816	0.757088	1.47748	-0.928785	-0.173008	54.2858
-0.926875	1.34821	-0.917941	0.120248	-1.29851	57.8929
-0.740134	1.56444	-1.27865	-0.0227352	-1.15081	53.3201
0.0835075	-1.3596	1.67623	1.97716	-0.0918098	56.972
0.0466189	1.63908	-1.1265	-0.547584	1.41989	58.2311
0.845567	-0.428222	-1.07479	-0.479301	0.196648	49.8065
0.226876	-1.98346	0.55209	-1.76941	-1.82789	57.579
1.5002	-0.82965	1.05107	-0.528539	1.49401	52.8797
-1.22732	-0.82523	1.27171	0.237949	0.711702	54.6097
1.23651	1.47429	-0.32803	-1.76425	-0.086164	57.9304
0.0846377	0.322528	-0.763204	1.67953	0.62139	55.0928
-0.603034	0.164376	-0.203786	-0.870716	-0.816494	48.7319
1.49248	-1.32845	1.94991	-0.60234	1.30482	59.0582
-1.73815	-1.97859	1.54778	1.64527	-1.20237	63.2012
-1.88979	1.26934	-1.03269	-1.77567	-1.72976	60.7329
-0.104513	0.0377171	-0.332819	-0.976628	-0.473952	49.0314
-1.23931	-0.0473021	0.00947858	-0.386581	-1.27562	50.1218
-1.80788	0.418765	-0.936355	1.52539	0.336184	55.5445
-0.0901581	-1.31394	-1.77352	-1.37186	-0.64553	62.5125
-0.237428	0.735372	-1.17651	0.465735	1.69789	55.947
-0.267577	-0.0226797	-0.0170381	-0.517112	1.68851	48.4729
1.36511	0.622104	-0.14926	0.260045	-0.304338	55.2298
-0.847152	-0.944077	0.762953	1.33135	0.369566	50.9945
-0.13391	0.69464	-0.434083	0.808417	1.86279	49.4973
1.682	-0.784144	-0.0279891	1.91744	-0.705967	56.8038
-1.24173	-0.779084	-0.623552	0.718121	-1.78474	54.9999
1.22642	0.411801	0.620853	0.990639	0.142505	54.9799
-1.56337	-0.0152148	-1.31063	0.735957	0.119301	53.8285
-1.51476	-0.21514	-1.83626	-0.797933	-0.362438	53.0991
-0.509922	-0.640119	1.25028	0.112822	0.215308	48.1876
-1.53117	1.13842	-0.261655	-1.69111	-1.27275	60.2839
0.0840435	-0.0826633	-0.74583	-1.60132	0.386211	49.9488
0.84997	0.734462	1.78648	1.65293	-1.79498	59.9841
-0.478738	0.255426	-1.46971	0.300541	-0.709729	56.1744
1.93571	0.302663	0.518911	-0.395951	0.97852	58.1945
-0.395256	1.0619	1.92972	-1.32753	-0.101621	50.4206
0.60657	1.81559	-0.0919991	1.51557	1.16883	56.815
-0.93857	1.04975	1.29095	-0.588031	1.89693	50.9813
0.700933	0.797519	-0.161612	-1.72106	1.99192	55.6125
0.551004	-1.72739	-1.41545	1.35565	-0.89122	54.9393
0.614093	-0.580388	0.861027	0.513126	1.87005	53.6884
-0.87433	-1.01442	-1.68993	1.5683	-1.86182	56.5316
-0.0340993	-1.99638	1.55679	-0.64241	0.523273	55.3651
-0.677174	1.55596	0.91729	-1.62272	0.826805	60.1157
0.0539574	0.0873632	0.317989	1.349	-0.596951	48.1241
1.64556	-0.398352	-0.441081	-0.390941	-1.58403	54.9299
-0.136291	0.592285	-0.809225	1.56936	-0.0857162	51.7595
-0.870549	-0.32584	-0.336414	1.08523	0.951806	48.4426
0.978141	-0.662757	0.167878	0.320209	-1.7103	55.2461
0.717744	0.881423	0.209922	0.0198514	-1.66912	53.8906
0.322425	0.515737	0.346725	0.890808	-1.66245	60.8243
1.92219	-1.51447	-1.5538	0.023217	-0.22006	58.915
-1.28347	0.205882	0.249283	-0.274056	-0.55774	53.154
0.0746436	-0.353366	-1.88217	-1.78413	-1.53188	58.9445
0.513882	-0.282162	-1.4836	-0.513457	1.09608	54.1196
0.969545	-1.72985	0.827317	-0.720753	1.92201	53.4
0.0965116	1.29484	-0.306677	0.324761	1.00914	54.7712
-0.417822	-0.136657	1.16312	1.21946	-1.33291	57.5545
1.08047	-0.122589	1.70168	-0.676833	-0.780232	57.8937
-0.06311	1.69963	-1.41964	0.720628	1.22457	61.2206
-1.76959	-0.45671	0.932916	-1.4566	0.268328	54.5395
-1.90738	-1.93017	-0.108962	1.37641	1.54839	65.6853
-0.797476	1.75506	0.353297	-1.60514	-1.61463	55.3685
0.262444	1.02695	-1.44357	-0.510103	1.95373	57.9284
-1.7493	0.626891	-1.36352	1.64024	-0.419606	65.9312
-0.122371	0.438658	1.28527	-0.075496	-1.01245	54.0028
-0.390612	-1.18189	1.08254	-1.52418	1.9379	60.6872
-0.973739	-0.415827	0.561817	0.419816	1.6282	58.334
-1.5982	-1.78125	1.66036	0.143407	-1.17839	65.3911
0.267594	1.82764	-1.00687	0.456146	0.0803043	56.5718
-1.78159	0.0372996	-1.99086	-1.25638	1.07783	51.7502
-0.662404	-0.871277	-0.443805	0.277439	0.257386	47.7995
1.9443	1.09911	1.12506	1.51549	1.45151	58.9454
-0.360758	-0.784002	1.92227	1.36357	1.11829	52.4529
0.702119	1.09174	-0.760049	0.978885	-1.43522	51.3264
0.235306	-1.04286	1.03545	1.29355	-1.57862	53.8347
1.59387	1.46124	1.40911	1.63041	-0.499435	69.645
-0.881984	0.761585	-1.9481	-1.87636	-1.79066	57.3822
-1.54827	0.989417	1.56739	1.82623	1.82501	58.7048
-0.0877136	1.68131	-1.18153	0.752349	-1.26171	55.5966
1.59763	-0.565531	-0.546201	1.21386	-1.1913	62.8234
1.71745	1.53826	-0.571763	-0.712816	-1.49198	57.3638
1.31128	-0.858876	1.12784	-0.905014	0.0325232	54.3818
1.46577	1.49066	1.58254	-0.525309	1.48573	69.9621
-1.12633	1.22718	-0.182575	1.38109	-1.91058	60.9876
-1.85397	-1.8447	0.96488	0.931263	0.65314	61.1112
1.71327	1.35028	0.91553	0.39014	0.61063	61.0733
0.841192	0.613842	-0.0667556	-0.238497	1.1151	47.8148
1.75516	1.09803	-0.593216	1.04643	0.625725	50.8286
0.247574	0.387209	-1.30302	1.36627	1.6791	58.7643
-1.33561	1.01786	1.91411	1.95113	1.15148	58.7438
-0.281111	-1.50202	-1.02688	-1.51144	1.53406	60.2103
-1.35638	0.0742612	0.211726	0.761816	-0.889656	50.3499
-0.308567	0.245574	-0.58683	-0.548353	-1.36454	51.0256
-1.11629	-0.571479	-1.5837	1.56747	-0.249735	56.1897
1.00933	-0.14586	-1.01735	-0.297568	1.68942	53.0827
-0.401542	-0.889167	0.866078	0.5794	-0.0178846	50.7905
1.31174	1.51628	0.829597	-0.868247	0.463578	56.8677
-0.220975	1.95647	0.892712	1.42792	-0.153904	56.7964
-1.52592	-1.10395	1.11998	1.16907	0.277222	57.6076
-0.774525	-0.635718	-1.98302	-0.310802	1.32038	60.5125
-1.30491	-0.443258	1.18553	0.130024	-0.265592	54.7605
-0.157308	1.41889	-1.70008	-0.194119	0.977314	51.3534
0.498457	-1.65192	0.967578	0.108293	0.375352	58.4178
1.17512	-1.45953	-0.517687	0.699246	0.517624	52.7636
0.659236	-1.15334	1.77197	1.44227	0.812162	60.9317
-0.185891	0.147886	0.254701	-1.05764	0.201768	50.0678
1.34386	0.887018	-1.45517	-0.504088	-0.955092	54.9739
-0.929561	0.156677	1.01004	1.69817	-0.721121	54.9588
1.5179	-1.31815	0.237819	-0.421273	1.37254	54.9334
1.85612	-1.83092	-1.9433	-0.221659	-0.634412	60.6593
0.714363	0.531324	1.34507	-1.22466	-0.65125	61.818
-1.06987	0.445871	1.36002	1.47474	0.342824	60.5836
-1.68199	1.96182	0.697442	0.579174	-0.486714	61.7544
0.0791506	1.16479	-1.8475	0.113247	-1.88762	57.0647
-0.231146	1.97637	-0.642572	1.29712	-1.3867	62.0571
1.18876	-1.76925	-0.771501	0.257086	1.02914	54.6944
0.899	-1.97513	1.75692	-1.52959	1.84434	67.7161
-1.66392	-1.16259	0.71008	0.382552	-0.584232	60.3736
-0.210715	1.80847	0.413965	0.127372	1.3913	51.3096
-1.00036	-0.596585	1.1429	-1.6375	-1.85354	56.2812
-0.723816	1.63344	-0.440166	1.05305	-0.270877	54.9613
0.296801	-0.528485	-1.52645	1.0835	-0.255168	53.7026
-0.427789	0.613653	-0.570382	-0.217885	0.969843	52.7163
1.68384	-0.484994	-0.860562	0.316346	-1.87708	62.5131
1.94018	-1.94656	0.793653	0.259565	0.483903	58.5425
0.586175	-0.389412	-0.428141	1.53723	1.78792	61.2849
-1.01095	0.872317	-0.864479	1.76527	-0.205582	52.4362
1.42717	1.46096	0.223544	0.429117	1.20935	61.7125
-0.864014	-0.0497515	-0.40046	-0.814937	0.440918	53.0507
-1.28909	-0.637614	1.1829	1.26907	0.607632	56.2613
1.56018	-1.81734	-1.19237	1.6294	0.367063	59.0123
0.398968	-0.391853	1.97839	-1.93712	1.50265	65.1698
-0.359782	1.44827	-1.42668	-0.664232	1.92801	56.2783
0.415888	0.483406	1.56077	-1.54255	1.44213	59.5076
1.54778	0.33352	1.69023	0.758516	-1.23313	63.2621
0.697736	0.433827	-0.457082	-1.36313	-0.0244802	51.3317
-1.28408	-1.51	1.48265	0.0779921	-0.723606	55.8184
0.877627	1.85725	-1.9357	-1.00456	-0.674766	57.1907
-1.25395	1.00186	1.47513	-0.264234	-0.589738	56.1169
0.903258	1.59632	-0.945678	1.2902	-1.62721	56.2341
0.566401	1.70001	1.62824	1.29293	1.26985	58.3802
0.543784	1.98477	-1.1135	0.714126	-0.166608	53.8476
0.856227	-0.31568	0.0850612	1.76222	-0.207114	48.8873
0.611725	1.50647	-1.68122	-0.228421	-0.22075	52.8399
1.43164	-0.609387	1.59968	0.107571	-1.04987	60.2658
-0.933021	1.27201	0.566375	-0.0360398	1.62906	60.2969
-1.36229	0.00811472	0.625906	1.77531	-1.93805	61.3459
0.359654	0.547026	-0.270562	-0.458637	0.670762	58.6735
-0.664752	0.831147	1.94034	1.96953	-0.524157	58.1499
-0.887363	0.216062	-0.742956	1.29943	1.67839	59.6042
0.817557	0.96553	-0.348443	-1.71959	1.3746	54.389
-1.11395	-1.20665	-0.245671	0.818143	1.21375	51.0798
1.4653	-0.308431	-0.0908678	-0.405696	-1.70489	51.8016
-0.888699	-0.496056	-1.19664	0.446464	1.53576	53.4389
1.23906	0.274172	0.91829	-0.0439227	-0.0465566	48.7547
1.13601	-0.185234	-0.406051	1.92796	-1.6794	54.4687
-0.298625	1.78371	0.883542	-0.202071	-0.892169	56.3486
-1.9985	0.381465	-1.3929	-0.761808	-0.362147	53.8303
-0.735938	0.809373	0.738721	-0.0297782	0.184746	53.7042
-0.411695	-0.939897	-0.656402	-1.12294	-0.436473	52.5433
-0.931056	1.99472	-1.90739	0.0417212	-0.129874	54.109
-0.443985	-1.43337	-1.81114	1.95923	1.14887	64.8495
-0.240764	0.685523	-0.809152	-0.252118	1.40314	54.0218
-0.351455	1.51107	0.0993187	0.84378	1.95993	56.227
-1.1018	1.70099	0.719127	-0.358913	-0.830845	55.8357
1.33599	-1.22624	1.04638	-0.333508	1.68817	57.6322
0.504202	-0.19848	1.36012	-0.391601	0.534341	55.6557
0.91483	0.409985	0.825174	-0.854209	-0.308055	52.3052
-0.684013	1.70026	1.98951	1.45879	0.96702	64.887
1.54647	-1.34	0.0178793	0.793164	-1.69275	57.1006
1.15598	-1.28263	-0.740121	0.683542	-1.43751	56.5299
-1.62708	-1.50761	-1.96166	-1.92955	-1.95398	65.173
1.25803	0.110821	-0.130206	0.744211	1.48094	57.227
1.52648	-1.53743	0.00197224	1.75511	-1.9157	63.9681
-1.16907	1.77699	0.702413	1.24348	-0.433069	61.8434
0.238876	-0.766223	-1.16955	0.745843	-0.112033	55.7958
0.125443	-1.24064	-0.986926	1.15884	-0.887444	56.2404
1.31301	1.46311	-1.57175	-0.812768	0.0835176	62.6529
-1.16492	-1.04979	0.0390265	0.0232115	-1.72523	54.2591
0.3789	-1.07318	0.98254	-0.808147	-0.902829	51.3863
1.39179	-0.418276	-1.62236	-0.202574	0.647633	53.8267
-0.85773	1.95209	-0.0280277	-0.639796	1.59111	51.8891
1.13551	-0.0859021	-1.65571	0.734309	-0.20408	53.4745
0.640116	0.981009	1.82432	-0.245999	1.9246	58.446
-0.926022	-0.698486	-1.49319	-1.7974	-1.49495	55.9579
-1.99143	1.01062	0.960642	-1.91227	0.639746	61.9086
-1.07364	0.218418	-1.36474	0.896958	0.29504	48.7639
0.240546	0.572828	-1.05065	0.111716	0.708253	56.0125
-0.336379	-1.74656	0.409929	1.63849	-0.530728	63.4577
-0.465705	1.30459	0.522846	1.44566	-1.14555	55.3179
0.394575	-0.344286	1.20621	-0.0764597	-0.3216	48.7894
0.617766	-1.64559	-1.0182	-1.18417	-1.63209	54.7029
1.59936	-0.66119	-0.913204	-1.45716	1.32551	56.6353
-1.02869	-1.17076	-1.91139	1.19995	-1.11378	60.3728
0.186494	0.631215	-1.62258	-0.660603	1.47886	60.5503
-1.59235	-0.831413	-0.00492004	1.6408	-1.91733	56.9467
-0.700972	0.314413	0.23146	1.04503	-1.94616	55.2846
0.973346	-0.365192	1.25003	0.448853	-1.97292	55.2493
-1.01937	0.282447	-1.45747	0.766306	-0.743942	52.8591
-0.828135	-0.44592	1.38947	1.88662	-1.34264	58.618
-0.0297886	0.635675	-1.93193	0.949406	-0.326141	50.7501
0.575764	0.534408	-1.70155	1.05874	-1.06543	54.4018
1.40606	0.837625	1.06673	1.66181	-0.792357	58.5693
0.562488	1.55669	0.772429	1.06005	0.866966	55.3321
0.942104	0.240656	1.82839	-0.802668	0.682702	55.0986
-1.08609	-0.405855	-1.77286	-0.725716	-1.81005	56.7455
-1.72129	-0.155792	-0.602509	-1.07603	-0.745198	51.3489
0.59162	-0.236758	0.734822	-0.747863	-0.0195961	47.2674
-0.132544	1.78003	1.96652	-1.96434	0.512193	60.5451
-0.218834	-1.97058	0.428543	-0.681907	0.806491	53.3702
0.63372	-1.07155	-1.44116	-0.979303	-1.48678	60.3754
1.88659	-0.948295	1.01151	0.0980073	-0.980526	51.4227
-1.83173	-0.827791	-0.430704	1.77897	-0.845165	62.4646
1.97724	1.65915	-0.400315	-1.26415	0.991661	62.9747
1.03987	-1.20199	-0.832693	1.30763	0.761268	51.8688
-0.313519	-1.56782	1.09046	0.962962	1.2388	60.6263
-1.65933	-1.50296	-0.509741	-0.402364	1.01003	64.1041
0.583043	0.857431	1.05701	1.06727	-1.50926	54.4512
0.037198	0.432508	-0.587093	0.444433	-1.07308	56.9354
-1.84531	1.86177	-0.312821	1.7017	1.25894	58.5406
0.523375	-0.636753	1.09861	0.0981297	0.363454	52.6943
-0.280238	-1.87541	-0.672806	-0.967272	-1.19229	59.9697
0.190421	-1.30181	-1.14985	-1.06515	-0.109815	53.9518
0.482633	0.882697	-0.150749	1.94579	-1.26694	54.7068
-1.84153	-0.533886	-0.0959427	-1.5217	-0.353377	61.3444
-1.97544	-1.7638	-0.818806	1.37374	1.36774	64.3898
0.512735	-0.808244	-0.0692631	1.71902	-1.68752	59.3131
0.813974	-0.830555	0.304767	0.6555	0.296359	56.9751
-1.88234	-0.479898	-1.57131	-1.08742	0.674866	63.914
0.410267	-1.03834	-0.878531	-1.25274	-0.386402	55.808
-1.41704	1.37527	-1.25688	-1.45298	-1.06752	64.6215
0.78199	-1.78213	0.93242	1.46222	0.542916	52.5199
-1.36209	1.96869	1.23265	-0.315961	1.14961	55.1406
0.110534	0.959709	0.979138	1.02166	-1.90412	48.8977
-1.95515	1.93882	0.964159	1.30723	-1.47514	59.0473
-0.495901	1.69036	-0.0462404	1.01972	-1.71171	57.8633
-0.506512	-1.9386	1.51606	0.950485	-1.48006	58.6994
-0.236965	-1.51385	0.317438	1.59231	1.87211	63.5542
-0.123617	1.31533	1.07316	-1.95037	-1.31193	52.6746
1.66476	0.0540753	-1.45533	-0.0408739	0.0542823	58.3322
-0.752022	0.385349	-0.77278	-0.871547	1.49649	55.2147
-0.373454	0.0368321	0.469163	0.471212	0.462398	51.3224
1.06475	-0.865836	1.17548	0.165811	1.5657	50.332
1.64337	-1.934	0.190769	-0.831083	-1.12454	56.5779
-0.255687	1.98552	-0.92863	1.46088	-1.10231	60.4845
0.938325	-0.759546	-1.78172	1.54078	0.104953	59.3708
1.80133	0.849883	-1.15649	0.66106	0.974208	54.7755
-1.06161	-0.75568	-0.0735407	-0.274149	-0.779784	47.9702
0.611255	-1.0801	1.31806	1.45008	1.36168	64.4575
-1.60664	1.17003	1.05914	0.117972	0.552674	54.4203
1.44031	-1.79951	-0.433395	-0.955339	-0.480251	62.8705
-1.34362	-1.41347	0.179975	-0.875232	0.223104	53.1171
-0.385951	1.60643	-1.45422	-0.443833	1.09057	62.3537
-1.37312	0.185381	0.925092	0.0907947	1.61205	50.3384
-0.224972	-1.00002	-0.757637	1.21652	1.34104	58.3534
-0.0961242	1.52292	-1.49479	-0.0292496	-1.34894	53.7198
1.44724	-1.32032	-1.7484	-1.19362	0.14381	58.7575
1.52336	-1.58648	1.98668	1.82992	-1.59251	66.531
1.64632	1.95097	1.81617	-0.451375	0.37581	65.9599
-0.341498	-0.641328	0.348622	-1.73008	-0.960399	55.4761
-0.381124	0.288174	-0.239382	-0.195653	-0.231041	46.2537
1.26184	-1.21677	1.58741	-0.63098	1.65841	61.8991
-1.429	1.20151	-1.83369	1.70784	1.88004	63.5616
1.62912	-1.14628	-1.57117	0.610923	0.691675	62.3669
-0.707573	1.94714	-1.36541	-1.23235	-0.218514	57.3969
0.343379	1.38727	1.75801	-1.92533	1.58504	67.5904
-0.65533	-1.55379	-0.695733	1.57928	-0.664296	58.3028
1.84117	1.21307	1.08912	-1.40801	-1.63476	64.2183
1.87747	-1.68767	1.22359	-1.80979	-1.28578	61.5319
-0.327246	1.88141	-0.30595	-1.44777	-1.30311	60.0623
0.653368	1.8973	-1.75075	1.49706	0.105768	64.0696
0.569871	-0.319395	-0.82256	-0.437564	-0.965527	48.8168
-0.284875	-0.571222	-0.054825	-1.74245	1.58074	57.6149
1.38455	0.290607	1.64462	-0.561634	1.26396	62.2106
-1.26162	1.88556	-0.449338	0.35714	-1.19638	55.7469
0.0795747	0.925377	-0.739883	-0.346932	-1.55925	53.7591
-0.668517	0.0722385	0.997792	-1.33396	1.19588	53.4184
-1.12154	1.0814	-1.30363	0.886049	1.57271	51.7633
-1.28672	0.698834	0.119263	-0.413839	0.821105	52.7088
1.97267	1.75886	1.73331	1.73113	1.32771	59.8921
0.662179	-1.4741	-0.838202	1.70634	1.88856	56.0634
0.967298	-1.75401	1.41757	-1.30987	0.968861	59.6651
-0.721163	-1.33848	-1.34504	-1.49905	1.99273	67.155
-1.36461	0.0148184	0.143835	1.39679	-0.976989	50.9591
-0.91233	-0.334714	-1.96075	-1.6263	0.785101	57.2184
0.271655	-1.72992	-0.283784	-0.315151	1.71277	56.709
0.565723	0.91595	-0.782543	-1.08172	1.88431	50.3451
1.55516	-0.767266	-1.5084	1.91633	-0.374536	63.8043
-0.133332	0.0945955	0.116095	-0.303998	1.6829	56.0953
-1.40356	0.590776	-0.131806	1.03416	1.2447	54.3829
-0.704299	1.072	-0.6267	-0.56432	1.79077	54.6233
-0.027826	-1.74523	1.92751	1.39842	-1.18591	56.9218
1.78494	-0.101831	-1.79946	0.294705	-0.873996	57.2
-0.598817	-0.623931	-0.075139	0.455039	-0.340738	51.0829
-1.78238	1.0569	-0.0840589	-0.299291	0.969416	48.9654
-0.164223	-1.90682	-1.36321	-0.459266	0.873477	52.1436
1.25805	-0.594559	1.95151	0.756239	1.69015	58.8321
-1.94805	-1.25713	-1.15385	1.93825	-0.823754	61.2138
1.4722	1.71855	0.326763	-0.489338	1.15034	60.0239
-0.450175	-0.767451	0.545224	-1.53118	0.687547	54.2177
0.188438	-0.88856	-1.98165	1.63516	0.475581	62.3103
1.40558	0.119271	-0.141775	0.596857	-1.43594	53.4115
0.45814	-0.0431692	-1.80097	0.652945	-0.11902	54.4911
1.82517	-1.66407	0.0332353	-0.332855	-0.856565	53.1084
0.62091	-1.58233	1.24327	0.472644	1.94124	63.6333
-0.74309	0.598332	1.96302	0.130974	0.766287	56.65
-0.403274	-1.53074	1.3838	1.23225	0.940025	54.8294
-1.89536	-0.78074	-0.111722	1.42744	-1.13695	59.9665
-1.86356	0.6329	1.19912	-0.263633	0.508349	53.0402
0.522498	1.17714	-0.719305	-1.1559	-0.200352	52.8934
1.81911	-1.53765	0.0821996	1.94199	0.0224879	59.498
-0.15812	0.0135686	-1.22461	0.359857	1.31733	56.4276
1.44681	1.41607	0.855334	-1.1851	-1.66481	57.9013
0.619819	-0.787662	0.15103	-1.33391	-1.55248	61.1053
1.67575	0.62819	0.778211	-1.91825	-0.566273	57.054
-1.26954	-1.80574	-1.71967	-0.591468	-1.94807	65.5455
0.775387	1.95423	-1.65304	0.709158	-0.77706	52.5967
0.00406987	-0.161773	1.64105	0.145638	-1.76995	53.1598
-1.46568	-1.02858	-0.989422	-1.23127	0.833022	58.6087
-0.230544	1.91209	1.48641	0.509956	0.787772	55.282
-1.4788	1.89086	-1.54611	-1.36083	-1.16391	61.408
1.43477	-1.04636	1.70915	1.38186	0.872453	58.9997
1.1125	0.00163241	-1.41772	0.0834385	0.916085	46.8403
1.52174	-0.855072	-0.145119	-0.270569	-0.869296	54.7027
-0.175072	1.04078	-0.0126501	1.53147	-0.665631	48.7332
1.44748	0.0849241	1.40404	-0.970792	-0.122859	54.2403
-0.412565	0.827069	0.588671	-0.711415	-0.678936	55.6981
-1.44821	-0.327513	-1.20301	1.49917	0.265081	52.9517
1.96983	1.52555	-1.49712	1.15375	-1.44767	59.463
1.13544	-0.904959	-1.79308	-0.715545	-0.117424	56.7846
-0.463428	-1.26678	0.450346	-1.1814	0.317316	52.7649
1.08368	-0.92128	-1.14035	1.07075	-0.630195	54.3578
0.379196	-0.252981	-0.535455	-0.539925	1.90391	51.2111
1.30384	-1.204	0.278482	0.434532	-1.11895	58.9313
1.50285	0.552373	1.89259	1.54522	1.03887	58.3368
1.97631	1.67466	-0.737086	1.47363	0.592345	58.0893
0.352282	-1.69469	1.36952	0.602738	-0.63245	59.9038
0.392676	1.10574	-1.23653	1.21766	0.965867	49.1871
0.235021	1.15682	0.439895	0.244294	1.90218	49.7725
1.03715	-1.67595	-1.13198	1.96331	0.999936	53.4363
0.851627	-1.46936	-1.08158	-0.281164	-1.51778	60.5675
1.90974	-1.42301	0.87489	0.433162	0.620597	60.8842
-1.39278	0.084117	0.899536	-0.523623	-1.56094	59.8837
1.94374	-1.78145	-0.0509571	0.0066088	1.13537	53.411
-0.051462	-0.219501	0.698116	-0.867665	0.94117	49.2547
-1.35259	0.841355	-1.51887	-1.50192	-1.76221	64.045
1.0578	1.48669	1.86892	0.574441	-1.56726	66.2667
1.7603	-1.36925	-0.592462	1.51817	1.01431	59.507
-0.999038	-1.90553	0.936802	-0.269143	1.63718	57.4049
0.27629	0.251384	1.86716	-0.809374	-0.23482	53.378
1.92723	-1.09367	1.60273	-1.19716	-0.143514	58.1976
-0.337842	0.448909	1.30313	-0.700476	-1.2501	58.422
1.91578	0.632658	-1.16112	-0.501566	-1.66065	56.2775
-0.31105	-1.92047	1.97133	1.93754	0.0844455	61.0664
-1.52364	-0.97952	0.560293	0.632256	-1.32329	54.3232
-0.180142	-1.62234	1.45893	-1.62875	0.747437	63.5698
-1.30534	0.118601	-0.418394	1.26967	-1.4591	58.9178
0.968216	-0.9983	-1.13083	0.96433	-0.328359	53.6418
1.98324	1.31515	-0.130867	-0.974978	-0.198218	55.7081
-1.0247	0.986018	-0.646344	1.60367	1.48127	58.1925
0.718696	-0.164661	-0.370796	0.410872	-0.455619	51.6417
1.29215	0.837991	1.46419	-1.94188	-0.783684	56.714
-1.90911	1.81251	1.60976	-0.4818	0.299157	66.1496
1.91047	0.304867	1.65778	1.8892	1.52469	63.898
1.24466	0.924852	1.4086	-0.747386	-1.50244	56.9737
-1.84515	0.0467169	-1.22259	1.29818	-0.877944	59.1112
-0.422022	-0.930035	-1.20579	1.51276	0.0164706	53.4012
-0.465606	-1.63273	1.78093	1.63708	-0.336104	66.3869
0.814917	-0.657379	0.159425	-1.01174	0.870625	46.2577
-1.63891	0.946108	-1.34059	-0.692458	-0.460581	55.9027
-0.496965	-0.47685	0.640222	-0.155619	-0.327653	53.5513
1.29901	1.20613	1.15011	-0.179614	1.8397	58.0541
-1.48784	-1.65935	-1.54033	-0.805216	0.865798	61.4418
0.0239633	-0.761755	-1.97154	0.800141	1.82466	51.7349
-1.78332	-1.43539	-0.904152	0.116363	-0.487759	61.5294
-1.05376	0.981626	-1.00438	-0.230647	-1.57701	53.4504
-0.966456	-1.58142	-0.196704	1.86723	0.742423	53.0655
0.43331	-1.44925	-1.79046	1.98689	0.175324	57.2497
-0.0723555	1.60802	-1.79342	-1.25333	1.05949	57.2012
-0.467343	0.714479	-0.83909	0.424763	0.139613	54.1299
0.0159685	1.11767	0.170818	-0.639792	0.158562	49.597
1.45039	1.09169	1.48947	-1.19822	1.82273	64.2594
-1.64641	-0.746745	1.27189	0.313609	0.527953	55.6782
-0.340783	0.0110783	1.49599	1.1502	-1.89489	55.3047
-1.68942	-1.61214	0.313686	-0.810993	-1.5339	63.723
0.369957	-0.615956	1.12897	0.777987	0.2919	55.9732
0.146355	0.312653	-1.56	-0.681873	-1.83047	59.2866
1.22145	1.52075	1.69887	-0.15507	1.50981	57.5316
1.62129	-0.281182	1.96314	-1.70953	-1.14805	54.9647
0.224147	-1.97722	-0.660028	0.585316	1.90277	58.361
1.33391	1.69274	-1.84935	-1.71492	1.21132	58.3312
1.91785	0.856828	1.914	1.43144	-0.431711	54.3997
1.76847	-1.42902	-1.13836	-1.73116	-0.300496	55.9152
0.735078	-0.61682	0.585644	0.0226591	1.48956	56.2896
-0.773174	1.5036	0.533635	0.666371	-1.21868	59.4996
-1.9114	0.990413	-0.741775	1.96454	-1.38196	64.2232
0.209742	0.997586	1.23441	1.63561	-0.222296	54.4248
0.241513	-0.541661	-1.09298	1.93123	-1.78824	52.8137
-0.922334	-0.477272	-1.18822	-0.957957	-1.51593	54.3545
0.138013	0.854521	0.64809	0.808774	0.967777	53.2974
0.483018	0.995308	-1.69759	-1.36551	-0.933717	57.4786
0.0148584	0.43249	-0.198823	-1.63896	1.94771	56.0022
-1.23694	0.412279	1.62145	0.61438	-0.117834	53.9784
-0.731683	-0.56534	-0.234709	-1.58342	1.92823	59.1976
1.58702	-0.080858	-1.42615	-1.48621	-1.8041	57.2511
-0.388797	1.45751	0.752815	0.987451	0.630743	51.7191
1.74572	-0.481505	0.976218	-0.923412	0.716266	53.3047
-0.463022	1.07259	1.5518	-1.26999	-0.327494	62.2488
1.62354	1.11812	-1.80857	0.58535	-1.97485	56.0175
0.0468759	0.881196	0.037067	0.366425	1.45713	54.6058
-1.027	0.184112	-1.79322	-0.90487	1.38603	54.7626
-0.263842	-0.945913	0.133729	-1.48541	-1.32867	54.352
1.65202	-0.637679	-0.519978	1.04947	1.54503	57.9386
0.851908	-0.630358	0.574928	-1.81685	-1.07046	59.4554
1.94703	-0.295768	-1.03597	1.15176	0.232118	49.6847
0.28621	0.709685	1.13704	1.6409	0.073223	49.2655
-1.01498	0.838537	-0.997595	-0.0124671	0.185442	48.848
0.438423	0.93388	-0.216156	1.136	-0.236438	51.5159
-0.534187	-0.752996	-1.66213	0.86004	-1.45111	61.1716
-1.33177	-0.0924335	0.394641	0.934724	-1.16225	54.229
-1.43726	-0.178817	1.79837	1.86575	-1.14237	63.7402
-0.191634	-0.623285	-1.94383	-0.0847185	-0.644752	55.9487
0.664313	0.70858	0.124062	-1.74499	1.35115	56.5133
-0.447285	-0.47356	-1.16811	-0.0475473	1.48798	53.2669
-1.57864	-1.58581	-0.399967	-0.687551	-1.78112	57.8547
-1.23481	1.6771	1.9089	0.215951	-0.352834	53.9851
-1.75788	1.42845	0.333292	-1.8076	0.986678	55.914
1.20931	1.56052	-1.98024	-0.433114	1.93623	63.2741
-0.655166	0.678161	0.194112	1.12154	-1.36424	55.181
1.79657	0.366452	1.0998	0.642007	-0.698421	60.4665
-1.82792	-0.158966	1.70747	-1.2683	1.23897	57.5491
0.861776	-1.95316	-1.93152	-0.0478589	-1.39532	62.7425
1.07279	0.148386	1.01444	1.20461	-1.44458	51.214
-1.91263	0.468613	1.24229	0.125911	1.72186	58.5332
1.31224	-0.704489	-0.778578	0.543176	-1.7293	52.4959
1.79494	-1.48062	0.408482	0.052478	0.537679	54.5793
-1.24323	-1.68607	1.64901	1.05345	1.76123	66.7582
-1.62583	0.391409	0.305594	-1.04224	0.545279	56.0901
-1.17402	0.980738	-1.58448	1.14482	-1.80521	59.6129
-1.54721	-0.182473	0.571688	0.459076	-0.111897	54.0802
0.913961	-0.232063	-0.652572	1.59122	-0.111868	58.3602
-1.88118	0.0718642	-1.71791	1.66124	-0.692739	53.8561
-1.21912	-0.74775	1.80521	-0.542145	-1.47984	59.2265
-1.20871	-0.866412	-0.858491	0.0152969	-1.7048	55.193
-1.33962	0.818184	0.761603	-0.219591	0.229495	49.6998
1.76918	-1.27524	1.03529	0.848842	-1.57977	58.4016
1.21016	0.728501	1.27275	-1.78594	0.289368	55.8
-0.811519	1.3888	1.06339	-0.744275	0.550029	54.4783
1.84484	-0.199686	1.64259	-1.28249	-1.0867	54.5832
0.648545	1.16536	-1.37949	1.99869	0.176628	53.6529
0.941661	1.10306	1.97726	-0.736246	-0.729422	51.8524
-0.943699	0.0214791	0.96668	-0.712371	-0.179568	47.7861
0.636183	-0.371288	1.519	1.63518	-1.40967	61.3536
1.24258	0.820031	-0.133307	-0.473335	-1.62664	56.2046
-0.914063	1.58105	0.448797	1.50313	-1.21447	60.7839
1.97003	0.0537348	1.12143	-1.57957	-0.362688	59.4798
-0.814045	-0.738335	-1.40284	0.290613	1.80569	55.7927
-0.517008	0.986958	-1.19457	0.285045	0.587746	57.5892
1.06416	0.673899	-0.856094	-0.318791	-0.641593	50.1631
1.83032	0.282833	-0.671876	0.229756	-0.728442	51.3858
1.71122	0.528238	-1.43034	0.158382	-0.916028	58.5454
-0.377396	-0.631452	-1.75305	1.00673	-1.48385	52.9636
-0.25764	-0.821215	1.0202	-0.622157	1.85259	51.0823
1.73907	-0.468572	0.0178682	-1.5836	-0.734786	60.1735
-1.35967	1.79258	1.8751	-1.84527	0.808154	63.2206
-0.585793	0.684884	-0.998992	-1.42293	-1.3147	54.2449
-1.24035	1.05979	0.717689	-0.61481	0.329182	56.2661
-1.08884	-1.17174	1.63559	-0.128233	1.66553	62.3217
-1.48107	0.930884	-1.41993	-0.966607	0.835457	55.0573
0.360628	-1.24193	1.00279	-1.96916	-1.21433	53.0317
1.41985	1.37782	-0.293289	-1.85892	1.44437	66.6507
-0.182295	-1.00102	0.473101	-1.34461	1.50351	58.719
0.195771	1.41514	0.927973	0.478589	-1.91885	53.1654
1.9659	-0.440738	-0.146001	-0.265444	-1.50747	59.7087
-1.42014	0.623749	-0.706411	-0.484456	-1.56761	59.9568
1.6332	0.112347	0.098383	-1.99278	-0.176684	53.7989
1.74918	-1.89267	-0.951425	-0.888078	1.26955	59.3048
-0.60468	-1.09759	-1.68838	-1.95502	-0.00489938	61.1651
1.09275	1.59175	-0.388838	-0.795776	-1.2902	51.7903
0.719649	0.0594138	-1.46855	0.658507	1.91839	55.5691
-1.20375	0.665214	1.24869	1.85482	0.418462	62.142
0.40125	0.67391	-0.698956	-0.0663969	-1.39807	56.7208
-1.21897	-0.794814	-0.770839	1.2635	-1.83916	53.8099
1.10634	0.00833594	-0.0611701	0.657043	1.31134	56.2394
1.44172	1.10061	0.782437	-1.56378	-1.61292	60.553
0.601419	0.365189	0.852556	0.608283	1.19998	49.4725
0.313879	1.95745	-1.6485	0.849906	-1.54446	64.3614
0.453915	1.43413	-0.481714	1.21866	0.269289	58.5504
1.77333	1.53354	-0.945429	-1.60179	1.0421	62.1599
-0.348691	-0.971203	-0.812936	-0.99291	0.474221	49.0084
-0.135153	-1.87993	1.52929	-1.43653	-1.90451	63.1101
-1.28566	-1.74384	0.233127	-1.61402	-1.80851	56.28
-1.74607	1.08325	0.793423	-0.249486	1.79662	55.604
0.413689	0.207409	0.337617	1.34361	0.119014	49.3686
-1.63061	1.82032	-0.00213263	1.81914	-1.11579	55.0965
-0.845969	-1.35019	0.732908	-0.717056	-1.65355	60.6619
-1.2802	0.152873	-0.999441	-0.272189	1.7999	55.5094
-1.63217	-0.896055	0.593595	1.56744	0.569095	56.7659
-0.108611	-1.25219	-0.564378	1.75911	-1.04012	51.3416
-1.88375	-0.678009	-1.95246	0.578225	-1.68195	64.6773
1.52905	1.88263	1.72973	0.91095	-0.510939	56.8564
-0.921139	-1.95746	1.41508	1.7195	0.396842	56.8111
-1.97285	1.68024	1.92752	-0.636884	1.0671	65.0762
-0.658954	0.238144	-0.61249	-0.142915	0.663305	52.4488
-1.08507	0.866559	1.64299	0.414245	0.280482	52.2694
-1.82357	-0.169159	1.69825	-1.24242	1.94582	59.3651
1.65817	1.73428	-1.23071	1.57844	0.834206	65.6538
0.127757	-1.72701	-0.0205023	-0.993216	-0.448017	49.4365
-1.46456	-0.603912	0.982516	-1.31478	-1.59615	62.1357
1.3811	-0.394578	0.648268	-1.73506	-1.82866	64.8162
0.909147	-1.32412	-1.67982	1.36121	1.79111	59.0583
-0.785206	1.8362	-0.399817	1.76799	-0.995966	61.2326
-0.069869	0.896808	0.389417	0.669726	-1.62727	50.5022
-1.75545	0.512364	0.0391488	-0.57653	1.89205	52.77
-0.83566	1.48278	-0.36917	-0.384769	-0.489328	61.3996
-1.9697	-0.713187	1.82797	-1.27883	0.197816	60.3608
-1.78887	0.0293908	1.15686	1.77636	-1.81308	61
-0.222162	0.939641	1.94115	-0.965087	0.605979	54.3116
-0.924019	-1.26504	0.810683	-1.93051	1.6215	56.3743
-1.63991	1.60903	-1.38686	1.73851	1.67463	64.4122
0.795309	0.869066	0.650385	-0.0907179	0.14651	50.0179
-0.894741	0.512008	0.156722	-1.15569	-0.354192	53.2987
-0.192885	-0.0599164	-0.0329196	1.37342	-0.664665	47.2153
0.63511	1.06104	-1.29872	-0.602892	0.512007	55.6716
-1.22352	-0.942098	-0.410201	-1.06436	-0.152289	48.8408
0.248438	0.899033	-1.7378	0.734865	1.23806	56.3489
-0.331436	-1.16588	1.62634	1.38846	-0.891198	55.7863
-0.814603	-1.28704	0.680134	-0.254415	-1.27178	58.732
-1.5942	-1.48658	1.72349	1.61383	-1.48592	60.9752
1.32044	0.220154	-1.72212	-1.57356	0.348319	58.0606
-1.68462	-1.90957	1.70622	-1.97546	-0.382193	66.8037
-1.4267	0.497379	0.385468	1.23935	-0.0562254	59.5061
-0.786429	-0.395585	-0.170149	0.616477	-0.572339	51.109
1.37365	-1.77307	1.21559	-1.68483	-1.30633	67.7329
0.0619242	-1.57567	0.0854735	-1.10224	-0.249421	49.9885
-0.554935	1.14726	1.80734	-1.50486	1.53006	55.9331
0.884993	1.09482	1.21838	-0.950736	0.779956	47.378
1.25705	1.32102	1.12525	0.0728581	-1.09332	51.6787
0.670807	0.351104	-1.29825	-0.20983	1.00624	57.176
-0.283582	0.36257	-1.40335	0.602878	-1.3903	57.1508
1.22103	0.93603	-1.77614	1.9462	1.33313	60.5649
0.505346	0.826357	-0.868618	0.581795	1.45037	57.4916
0.0824895	-0.950073	1.43831	-0.169204	1.43835	50.7979
-0.733794	1.84303	1.7092	0.789092	1.33557	54.5885
-1.82601	0.504826	-1.01577	-1.27269	-0.723928	56.6148
0.801365	-0.440201	-0.575785	1.54614	-0.38768	52.3752
0.559999	1.12395	0.274701	-1.76062	1.85386	60.2031
1.91814	-1.42204	-0.807642	0.390808	0.961447	55.7535
1.07544	1.57157	1.04503	-1.88853	-1.37034	54.9955
0.831396	1.89779	-1.59743	-1.6271	1.80712	65.7641
1.31239	-1.65748	0.53294	-1.30075	-0.966463	61.5563
-0.41352	0.284316	-0.886425	-1.91573	-0.376143	51.1613
-1.53605	-1.25444	-1.6021	1.13601	0.136457	61.7996
-1.92259	1.74069	-0.262158	-1.16235	-0.488692	56.9477
-0.922768	0.463549	-1.99742	0.34763	0.542121	51.052
-0.377562	1.54731	1.53114	-0.300233	1.13674	57.4047
1.82827	-0.939936	0.579365	0.606539	-0.800336	59.4061
1.37223	0.599562	1.53995	1.46786	0.0644684	59.9004
0.812955	-1.50917	1.84024	-0.284777	-0.699733	55.199
-0.411551	0.021431	0.507502	-1.33776	0.322622	50.3531
1.75012	1.90152	1.73315	-1.05919	-1.44935	59.7249
-0.406954	0.919405	-0.726155	-0.0981544	-0.090083	52.5051
-1.86643	1.69324	-1.60551	-1.69533	0.295213	67.3843
-0.54613	0.878539	-0.299342	1.31466	-0.291223	59.0397
-1.18249	1.73617	1.93788	1.35519	0.208307	54.4209
-0.652194	-0.788373	0.174526	1.09714	1.65353	54.6466
-0.257818	0.608178	-0.336703	-0.148432	-1.00383	55.9487
1.56412	1.5458	1.32309	1.66212	-1.31145	60.4347
1.90892	-1.11111	-0.386461	1.72371	-1.45259	61.5865
0.492246	1.40161	1.1526	0.519518	-1.9887	57.8145
-0.736461	-0.314273	-0.622644	-1.63755	0.173325	55.6729
0.991003	1.56328	-0.188076	-1.68831	-1.86014	59.6465
-0.498382	0.661754	1.80835	-1.88856	1.88341	65.5885
-1.44752	-1.9709	0.707941	-0.855197	0.2778	53.0782
1.14178	-0.316667	0.112858	-0.845631	1.87993	57.1283
-0.211774	0.39409	0.711487	1.23361	-0.842195	54.6679
-1.06801	1.28197	-1.02453	1.39661	-0.730897	59.4233
0.525187	-1.05073	0.775661	-0.31868	1.44662	53.199
1.55087	0.25059	0.735215	1.56116	1.75489	58.6535
0.557463	1.35204	-0.0624113	1.71977	-1.6924	56.1611
0.014617	-0.743218	-0.559572	1.3445	1.26276	49.9455
-0.75951	-0.685644	-0.555939	0.762515	-0.654639	58.4539
-0.0818155	-1.80205	1.33368	1.99641	0.341794	53.9314
0.329822	-0.806901	0.0272927	0.33168	0.599358	49.6106
1.89973	1.38375	0.870159	-0.92936	-1.53553	59.4144
-1.61824	0.659188	0.310382	-0.697254	-1.04976	50.7403
0.672041	0.684532	0.191464	-0.21637	-1.30275	54.9271
-1.80096	0.854635	0.719794	1.61738	-1.14899	60.1516
1.28324	1.71792	0.450956	0.949963	-1.766	54.401
-1.51789	-1.71435	1.08547	-0.0138609	-1.92535	58.5967
1.21652	-0.107714	0.555947	-1.11794	-0.273387	56.683
0.457106	-0.795025	-1.80459	-1.18085	0.144913	52.0857
-0.147774	0.0845362	0.759697	-1.84754	1.02257	52.4976
-1.26292	1.01318	-1.90716	0.753477	0.323978	58.9442
1.6804	0.345005	-0.955356	-0.782473	-0.0768845	56.0807
-0.132871	-0.5495	-1.29157	-1.06305	-1.09121	52.0231
1.28885	0.333817	-0.395229	0.0748619	1.39287	59.7243
0.0931207	-1.60561	0.58216	0.612924	0.493094	52.1971
1.68749	-1.15104	1.98999	-1.72635	1.11768	58.1505
0.55192	1.85393	0.51744	0.191493	-0.299997	54.8652
0.694213	1.25698	-0.313985	1.96008	-0.174107	59.2604
-0.864871	0.390788	-1.72453	-1.20544	-0.711929	53.2641
1.1692	-1.25786	0.458682	1.93142	1.00239	53.1251
1.63348	-0.757728	0.753936	-1.06805	1.01333	54.6671
1.91551	-0.145738	1.54998	-0.602602	-0.463746	57.924
-1.54031	1.75963	0.0707353	-0.267543	-1.72821	62.8983
-1.70225	-0.847868	1.41898	1.76781	0.851749	59.3642
1.66577	1.22821	1.44653	-1.99449	0.845505	57.7761
-0.291827	-1.10469	1.49289	-0.0457352	-1.96644	57.6118
-1.28496	-1.48327	1.61264	0.891839	-0.204148	53.5432
-0.635126	-1.97371	-0.858399	0.650175	0.816815	59.2241
-1.7324	1.74438	-0.955742	-0.0284782	-1.92326	57.9713
-0.645737	-0.129374	-0.492436	-1.79696	0.756329	54.5168
1.00696	1.79409	0.0979908	-1.84287	-1.49171	55.3113
1.55827	1.51334	1.46187	-1.07617	-1.70987	60.0407
-0.33042	-0.790546	0.686976	1.82633	0.708994	51.019
0.442581	0.053992	1.15959	1.08963	0.259846	55.072
-1.63565	-0.0735809	0.773933	-1.86659	-0.415463	53.9062
-1.63131	-1.50913	1.24801	0.764432	0.680756	60.73
0.545122	1.217	-1.40015	-0.806412	-0.652252	59.4378
1.34572	-1.90738	1.10986	-0.856773	-1.05315	59.272
0.15975	-0.784522	1.10564	1.08112	-0.561282	48.2308
0.992779	-0.897822	-0.142803	1.31831	-0.77833	54.0501
0.982439	-1.45828	1.57768	1.6992	1.04111	59.1566
-0.775353	-1.04156	-0.70779	1.01266	-0.0584423	49.9189
1.39128	-1.67466	1.6201	-0.585726	0.456806	66.0174
-1.25915	-1.84963	-1.14042	-0.338624	-1.94514	61.5604
0.426454	1.53088	0.518488	-1.04566	-1.78563	57.0017
1.79421	0.517649	-1.2965	-1.96013	-0.74425	54.2716
0.242765	-0.773329	-0.083545	-1.88556	0.162434	56.5857
0.188986	1.04277	1.49766	-0.918443	1.87813	51.8999
-1.83337	1.70115	0.607779	1.34245	0.986977	54.1762
0.90297	-0.311438	0.81977	-1.50365	-0.446053	58.4265
0.940496	-0.300645	1.9429	1.69877	-0.891863	53.5943
1.5289	1.29701	-0.118772	-0.319756	-1.05843	56.9465
0.0126805	1.53005	1.15533	-1.73679	-0.1531	60.6606
-1.15298	0.178328	-1.1478	1.56422	-1.79083	54.5221
1.33014	-0.358485	0.425462	-0.958928	0.411174	50.0988
-1.25794	1.22722	0.385753	0.594563	-0.941309	56.6841
1.13135	-1.10399	-1.91787	-1.06223	1.60715	53.3851
-0.701408	0.251958	-0.0924241	0.153239	1.57694	49.6933
-0.719094	0.222371	-0.0698915	0.546648	1.12346	48.4015
-0.895213	-0.31777	-1.29508	-1.87668	-0.62668	58.0724
1.81385	-0.267459	-1.2357	1.36947	1.38292	55.5482
0.229518	-1.56732	1.92748	-1.97571	1.26456	55.2511
-0.46425	1.81825	1.85158	1.08644	-0.853171	58.5088
-1.90752	1.96238	1.62819	-0.112973	1.22642	64.4069
-0.125238	1.6181	0.705089	0.484401	0.696323	57.1508
0.404936	-1.13807	-1.53261	1.68276	1.07238	58.4607
-1.01978	1.0067	-1.28587	0.955268	-0.428774	50.8571
-1.96832	-1.71742	-0.111225	-1.87596	-0.422155	56.796
1.70683	-0.231119	0.743118	1.86275	-1.44932	54.8147
-0.543279	1.38348	-1.58227	0.561953	1.32936	58.9522
-1.5652	1.43813	0.958921	0.0347336	1.84007	58.7698
0.0189794	1.00782	1.77743	-1.65916	-1.20945	57.6462
-1.54253	-0.716035	-0.617528	-0.0141282	-1.14006	52.6618
-1.36939	-0.955412	1.53542	-1.73565	0.179833	55.0368
-0.578514	-0.250692	0.886584	1.86989	1.79701	55.3507
0.9973	-1.15076	-1.1954	-0.897897	0.994982	49.7503
-0.128769	1.68688	-0.546687	-1.88556	0.892453	56.0672
0.430397	-0.161037	1.70657	0.0854575	-0.950761	52.8681
1.61586	-0.141783	0.923176	-0.129727	-0.505205	58.0982
-1.89353	1.20044	0.806373	-1.54857	-0.00281529	53.7615
1.45768	0.0511758	1.57128	1.35814	1.68212	55.7193
1.79628	1.14022	0.928143	-0.037395	1.95405	56.5629
-0.0664552	0.800264	1.29784	-1.04917	0.712683	55.9492
0.0653385	1.27739	-0.0949868	1.1882	-1.16287	54.0147
0.167005	0.947634	0.975993	-0.877631	0.42811	51.5914
0.279197	-0.0396958	-1.73389	-0.563048	0.699337	51.1754
-1.30241	-1.7813	-0.497442	-1.70185	1.09284	65.1803
1.34026	0.903342	-0.703177	1.49922	-1.84458	62.7552
1.08432	-0.734725	-0.0591286	-0.273342	-1.14324	51.4357
1.4042	0.154801	-1.85942	-0.919816	-1.49787	60.6253
-1.39553	0.406276	-1.76054	-1.98862	1.43646	62.7116
-0.839923	0.88191	0.784251	-0.302191	0.143436	54.9638
1.84876	-1.36327	0.690353	-1.61913	1.07031	65.1674
-1.19684	-1.65077	-0.813915	-1.69804	1.2175	63.9021
1.15002	1.5877	1.55618	1.30408	-0.719614	62.0155
1.35788	-0.670531	-1.56925	1.37792	-0.554631	56.9984
0.318413	-1.11158	1.41044	1.87474	-0.679651	59.824
0.307238	1.89268	1.32426	0.708508	-0.962452	61.2195
0.250794	-1.72307	-1.23168	-1.95822	1.45813	59.9624
-0.899759	-1.08417	1.61929	-0.0868941	-0.804273	53.1329
0.619974	-0.280241	0.761841	-0.0974057	-1.54592	52.7937
-0.423802	-0.99166	-0.397159	1.21459	0.0391654	53.8631
-1.13642	0.111441	0.106471	-0.0579345	-0.536422	53.3973
0.322063	-1.29277	0.255227	-1.66112	0.739376	51.3954
1.72665	-0.0520672	-1.91451	-1.50515	0.0237611	56.6934
-0.192063	1.45085	1.48025	1.81034	-0.0998615	60.3508
1.82768	-0.773698	-1.75437	0.156319	-1.11327	56.3235
1.82661	-0.109166	-1.22587	-1.25392	-1.21422	54.6224
0.0408586	-0.0778672	1.42815	-1.08723	-0.704928	54.8122
0.546377	-1.57107	1.21874	1.25219	-0.878069	56.398
-0.93507	-1.1635	-0.73804	0.459134	-0.186578	50.1481
-0.952823	1.9333	-0.396552	-0.75671	1.73624	59.0812
-1.59467	-0.684892	0.54465	0.520013	-1.28631	53.3614
0.98943	-0.450411	0.975472	0.538183	-1.69907	58.8954
-1.37799	0.975239	-1.57618	-1.19346	1.44933	55.2746
1.85564	-1.16085	-1.14864	-0.0843744	-1.30252	52.2013
1.84597	-1.92543	1.99991	0.337333	0.723663	62.9779
-1.3953	-1.51181	-0.860078	0.271849	-1.49222	57.7724
1.73758	1.07861	-0.712244	1.93763	1.9228	55.5815
-0.710334	1.04984	-1.08663	-1.49698	1.14666	59.5925
1.06529	-1.84428	1.1557	-1.72643	-1.92253	61.5718
0.211955	1.08112	-0.137901	-1.96396	-0.108601	53.6577
0.582191	-1.18357	-0.164855	1.81693	-0.26423	54.2257
0.0423343	0.0234454	1.05009	1.96017	-1.63309	50.602
-0.423158	-0.166145	0.57728	0.797516	-0.97079	50.5451
-0.707648	-0.894427	1.56656	0.747124	-0.809643	59.4102
-1.57979	-1.91664	1.47498	-1.13327	-1.3693	60.0141
1.95515	-1.35428	0.624968	-1.13026	0.466575	62.8486
-0.579361	-1.94917	-0.51859	-1.84098	1.87857	62.1999
0.392215	-0.380766	0.341016	-0.483022	-1.80543	60.0106
1.21521	-1.40278	0.372425	-1.71671	0.598045	56.8413
-1.02315	1.18489	1.5218	-0.677579	0.199549	58.8466
0.602459	-1.36004	0.538099	0.146038	-1.40127	57.673
-1.16047	-0.113479	0.394043	0.804417	-1.56967	56.8806
-0.798119	1.88014	1.48862	1.79076	-0.596195	64.1192
0.468211	1.5153	-1.47122	-1.77485	0.448454	61.7828
-1.21241	-0.494937	-0.357888	-1.29744	-0.848374	55.3529
-1.26528	1.10455	-0.0757796	0.871676	1.43807	56.4749
1.59011	-1.87372	0.22589	1.83396	1.35473	66.9138
1.48548	-0.540448	0.831733	-0.0746519	0.397811	54.7357
-0.847661	0.592776	-0.546477	1.2442	0.902073	56.2577
-0.613093	0.0671153	-1.06278	1.69849	-0.807326	51.7771
1.68296	-1.76417	-1.2768	0.532247	0.161956	58.8261
1.42172	1.20633	-1.67562	-0.855782	0.2512	55.8055
0.704915	-0.883065	0.606517	-0.304932	-1.96415	51.4111
0.402097	-1.5432	-1.11092	0.968594	0.854434	53.222
-1.94739	-0.44328	-0.324371	-0.578848	0.388333	56.0986
-0.46961	-1.88597	1.19408	0.162243	-1.78402	55.2575
0.204968	1.0603	0.639203	-1.43447	1.74365	58.774
1.20186	1.27473	0.670834	0.678199	-1.59393	58.702
-0.138413	1.46758	-0.47399	-0.350512	-1.33295	56.7064
-1.55326	-0.527839	1.53239	-1.34764	0.463003	57.2205
-1.39292	0.784535	1.65856	0.498826	0.37854	63.2141
-1.38798	-1.12722	0.284749	-1.77157	1.6168	64.7136
-0.330587	0.643427	-0.167579	1.15506	0.474141	53.6775
0.402986	-0.913701	0.999205	-0.793915	1.71437	53.3884
1.66897	1.41595	1.70969	-1.60556	-1.50011	69.2279
-0.492924	-1.46927	-0.073918	1.88889	0.495767	52.3622
1.86119	-0.369757	-0.779764	-1.30551	-0.0390942	59.0006
-1.96709	-1.00857	0.928333	0.834343	-0.212133	51.2847
1.7243	1.74629	0.981488	0.713258	0.193831	60.0028
-1.65521	-1.37776	-0.581903	0.356974	0.19783	61.0503
0.971375	-0.699493	-0.624964	0.658575	-1.43722	55.8248
0.117806	-0.316195	-0.599033	0.0721984	-0.890861	48.0739
-0.142844	-0.594776	0.10988	1.17343	1.71621	57.6621
-0.662808	0.955528	0.698693	-0.786851	0.487137	55.4743
-1.45879	1.53233	1.6853	0.633197	-1.14535	55.9006
0.44189	1.16126	-0.588519	0.0219549	0.789501	51.4814
-1.6105	0.294871	-1.62518	-0.471985	1.16031	57.3215
0.873865	0.234047	1.55848	1.82038	1.7298	56.4139
1.96807	-0.490261	-0.275391	0.58841	-0.780749	55.98
1.76204	-1.26829	-0.153089	0.00997862	-1.58486	59.9736
-1.66653	0.571712	-0.636986	-1.30144	-0.876652	55.8994
-1.22159	-1.7528	1.38175	1.9356	1.29692	61.8149
-1.00192	0.570466	-0.842861	0.963658	-0.34713	48.3978
0.173568	-1.95925	-1.41817	0.0851791	-0.339024	55.114
-0.708443	-0.111162	-1.30205	-0.91447	1.09615	51.3313
1.86922	0.814484	-0.79422	0.488375	1.6387	59.7437
-1.17853	1.93216	1.52202	1.07908	-1.24831	54.2042
-1.0724	0.745143	-1.15891	0.453919	-0.153255	54.346
1.51687	-0.533196	0.276703	0.830092	-1.38748	53.0782
1.84106	1.0755	0.827222	1.68399	-1.24213	55.162
0.745515	-0.694187	0.314672	1.52822	1.93706	58.6334
-0.0838249	-0.279319	-1.62187	-1.89334	-1.48335	56.4009
1.9656	-1.62153	1.80676	1.26947	-1.97001	59.9589
0.0306864	-1.6756	-1.41185	-0.289289	-1.27896	58.9843
1.58635	-1.60178	0.348624	-1.36695	0.391328	63.9568
0.527406	-0.999858	1.57865	1.13999	-0.0337695	55.9509
-0.633799	-0.857456	0.854137	0.137333	-1.31565	48.5762
1.22858	0.076405	0.852549	-1.95675	0.852698	55.7559
1.41936	-0.895214	-1.74172	-1.16083	0.798294	58.8537
0.00610832	-0.924301	1.15905	-0.738391	-1.16798	49.2078
-1.93101	0.222091	1.51803	0.866914	1.9084	64.1776
0.320344	-1.83487	1.36469	-1.85118	-1.05276	58.9068
0.198625	0.621901	1.9923	1.25216	-1.46081	58.4854
0.659941	-1.63832	0.416377	0.109795	-1.17344	59.9343
0.16374	1.80174	-0.690802	-1.45989	1.28643	62.9208
0.230605	1.92298	0.202097	0.74027	-1.41409	51.4788
-1.41351	-0.284811	-0.981185	1.80792	-0.289157	60.8705
1.71873	-1.48068	1.97579	-0.804382	0.490991	60.801
-1.18466	-0.14464	-1.21158	0.346316	1.26992	49.7405
-1.85124	1.27405	-1.37209	0.909559	1.7182	54.8899
-0.118824	-1.46089	0.500416	-1.79058	1.34949	59.5849
-1.76328	-1.84303	-1.65354	1.08523	1.60261	66.6315
1.65827	1.26452	1.05069	1.57124	0.0130945	60.9638
1.14447	-1.34661	-1.67191	1.2865	-0.0616627	52.7205
0.74004	-1.68337	-0.0660021	1.61806	1.1543	59.3441
-0.271012	-0.519799	-1.01129	-0.22258	1.5729	52.5522
